
1	1200	23-Mar-2007 13:35:50	4	1.367	2	1	
1	1200	23-Mar-2007 13:35:55	8	0.509	2	1	
1	1200	23-Mar-2007 13:36:01	6	2.057	2	1	
1	1200	23-Mar-2007 13:36:06	6	0.853	1	0	
1	1200	23-Mar-2007 13:36:12	4	3.226	1	0	
1	1200	23-Mar-2007 13:36:18	8	0.830	1	0	
1	1200	23-Mar-2007 13:36:23	4	1.839	2	1	
1	1200	23-Mar-2007 13:36:28	6	1.077	2	0	
1	1200	23-Mar-2007 13:36:33	8	0.788	2	1	
1	1200	23-Mar-2007 13:36:39	4	3.147	2	1	
1	1200	23-Mar-2007 13:36:43	4	0.719	2	1	
1	1200	23-Mar-2007 13:36:50	6	2.970	1	1	
1	1200	23-Mar-2007 13:36:55	6	0.862	1	0	
1	1200	23-Mar-2007 13:37:02	6	3.108	2	0	
1	1200	23-Mar-2007 13:37:07	8	0.973	1	1	
1	1200	23-Mar-2007 13:37:14	4	3.834	2	1	
1	1200	23-Mar-2007 13:37:20	8	0.807	1	1	
1	1200	23-Mar-2007 13:37:24	4	1.364	1	0	
1	1200	23-Mar-2007 13:37:29	8	0.136	2	1	
1	1200	23-Mar-2007 13:37:36	6	2.954	2	1	
1	1200	23-Mar-2007 13:37:40	8	0.536	2	1	
1	1200	23-Mar-2007 13:37:46	8	0.895	1	1	
1	1200	23-Mar-2007 13:37:53	6	3.842	2	1	
1	1200	23-Mar-2007 13:37:59	8	0.958	1	1	
1	1200	23-Mar-2007 13:38:04	6	1.144	2	0	
1	1200	23-Mar-2007 13:38:09	6	1.717	2	1	
1	1200	23-Mar-2007 13:38:14	8	0.529	1	1	
1	1200	23-Mar-2007 13:38:19	4	1.432	1	1	
1	1200	23-Mar-2007 13:38:23	4	0.503	1	0	
1	1200	23-Mar-2007 13:38:27	6	0.567	2	1	
2	600	26-Mar-2007 11:54:32	4	2.809	1	1	
2	600	26-Mar-2007 11:54:37	8	0.609	1	1	
2	600	26-Mar-2007 11:54:41	4	1.101	1	1	
2	600	26-Mar-2007 11:54:45	4	0.550	1	1	
2	600	26-Mar-2007 11:54:49	6	0.454	2	1	
2	600	26-Mar-2007 11:54:53	4	0.459	2	1	
2	600	26-Mar-2007 11:54:58	8	0.361	1	1	
2	600	26-Mar-2007 11:55:02	6	0.402	2	1	
2	600	26-Mar-2007 11:55:07	8	0.304	1	1	
2	600	26-Mar-2007 11:55:11	4	1.283	1	1	
2	600	26-Mar-2007 11:55:16	8	0.305	1	1	
2	600	26-Mar-2007 11:55:20	6	0.296	1	1	
2	600	26-Mar-2007 11:55:25	6	0.336	1	1	
2	600	26-Mar-2007 11:55:29	8	0.339	2	1	
2	600	26-Mar-2007 11:55:33	4	0.229	1	1	
2	600	26-Mar-2007 11:55:37	6	0.505	1	1	
2	600	26-Mar-2007 11:55:42	8	0.300	2	1	
2	600	26-Mar-2007 11:55:46	6	0.520	2	1	
2	600	26-Mar-2007 11:55:51	8	0.328	2	1	
2	600	26-Mar-2007 11:55:55	6	0.737	1	0	
2	600	26-Mar-2007 11:56:00	8	0.306	1	1	
2	600	26-Mar-2007 11:56:04	4	0.352	1	1	
2	600	26-Mar-2007 11:56:08	6	0.263	1	1	
2	600	26-Mar-2007 11:56:12	6	0.414	2	1	
2	600	26-Mar-2007 11:56:17	8	0.262	1	1	
2	600	26-Mar-2007 11:56:22	8	0.296	2	1	
2	600	26-Mar-2007 11:56:26	6	0.266	1	1	
2	600	26-Mar-2007 11:56:30	8	0.421	1	0	
2	600	26-Mar-2007 11:56:35	8	0.407	1	0	
2	600	26-Mar-2007 11:56:40	8	0.242	1	1	
3	900	27-Mar-2007 13:41:03	8	0.313	2	1	
3	900	27-Mar-2007 13:41:07	6	0.290	2	1	
3	900	27-Mar-2007 13:41:12	4	1.703	2	1	
3	900	27-Mar-2007 13:41:17	8	0.060	1	0	
3	900	27-Mar-2007 13:41:20	4	0.258	1	1	
3	900	27-Mar-2007 13:41:25	6	0.636	1	1	
3	900	27-Mar-2007 13:41:28	4	0.231	2	1	
3	900	27-Mar-2007 13:41:32	6	0.117	2	1	
3	900	27-Mar-2007 13:41:36	6	0.170	1	0	
3	900	27-Mar-2007 13:41:40	4	0.217	1	0	
3	900	27-Mar-2007 13:41:44	6	0.181	2	0	
3	900	27-Mar-2007 13:41:48	8	0.214	1	0	
3	900	27-Mar-2007 13:41:53	6	0.276	2	0	
3	900	27-Mar-2007 13:41:57	8	0.174	1	1	
3	900	27-Mar-2007 13:42:02	8	0.169	1	0	
3	900	27-Mar-2007 13:42:06	8	0.359	2	0	
3	900	27-Mar-2007 13:42:10	6	0.149	1	0	
3	900	27-Mar-2007 13:42:15	8	0.164	1	1	
3	900	27-Mar-2007 13:42:19	6	0.340	2	1	
3	900	27-Mar-2007 13:42:24	8	0.240	1	0	
3	900	27-Mar-2007 13:42:28	6	0.588	2	0	
3	900	27-Mar-2007 13:42:32	4	0.403	2	1	
3	900	27-Mar-2007 13:42:36	4	0.378	1	1	
3	900	27-Mar-2007 13:42:41	8	0.483	2	1	
3	900	27-Mar-2007 13:42:45	6	0.799	1	0	
3	900	27-Mar-2007 13:42:50	4	0.538	1	1	
3	900	27-Mar-2007 13:42:54	8	0.158	2	1	
3	900	27-Mar-2007 13:42:58	6	0.242	2	0	
3	900	27-Mar-2007 13:43:02	4	0.099	1	1	
3	900	27-Mar-2007 13:43:06	8	0.354	2	1	
4	300	27-Mar-2007 13:56:04	6	3.754	2	1	
4	300	27-Mar-2007 13:56:08	4	1.167	2	1	
4	300	27-Mar-2007 13:56:13	6	0.752	2	1	
4	300	27-Mar-2007 13:56:23	8	5.317	2	1	
4	300	27-Mar-2007 13:56:27	4	0.878	2	1	
4	300	27-Mar-2007 13:56:34	6	2.866	2	1	
4	300	27-Mar-2007 13:56:38	6	0.582	2	1	
4	300	27-Mar-2007 13:56:43	8	0.900	1	1	
4	300	27-Mar-2007 13:56:48	6	0.626	1	1	
4	300	27-Mar-2007 13:56:52	4	0.425	2	1	
4	300	27-Mar-2007 13:56:56	6	0.980	1	1	
4	300	27-Mar-2007 13:57:01	4	0.943	1	1	
4	300	27-Mar-2007 13:57:06	8	0.590	2	1	
4	300	27-Mar-2007 13:57:11	6	0.966	1	1	
4	300	27-Mar-2007 13:57:16	4	1.882	2	0	
4	300	27-Mar-2007 13:57:23	8	2.445	2	1	
4	300	27-Mar-2007 13:57:28	6	1.448	1	1	
4	300	27-Mar-2007 13:57:32	4	0.551	1	1	
4	300	27-Mar-2007 13:57:36	6	0.562	2	1	
4	300	27-Mar-2007 13:57:41	4	0.786	2	0	
4	300	27-Mar-2007 13:57:45	6	0.608	2	1	
4	300	27-Mar-2007 13:57:49	6	0.537	2	1	
4	300	27-Mar-2007 13:57:55	8	0.790	1	1	
4	300	27-Mar-2007 13:57:58	4	0.537	1	0	
4	300	27-Mar-2007 13:58:06	6	4.005	1	1	
4	300	27-Mar-2007 13:58:13	8	2.217	2	0	
4	300	27-Mar-2007 13:58:17	4	0.500	2	1	
4	300	27-Mar-2007 13:58:23	6	2.031	1	0	
4	300	27-Mar-2007 13:58:28	4	1.540	1	0	
4	300	27-Mar-2007 13:58:33	8	0.649	2	1	
6	600	27-Mar-2007 14:42:56	6	1.083	2	1	
6	600	27-Mar-2007 14:43:01	4	0.920	1	1	
6	600	27-Mar-2007 14:43:06	8	0.627	2	1	
6	600	27-Mar-2007 14:43:11	4	1.702	1	1	
6	600	27-Mar-2007 14:43:24	8	8.984	2	1	
6	600	27-Mar-2007 14:43:28	6	0.438	1	1	
6	600	27-Mar-2007 14:43:40	8	7.260	1	0	
6	600	27-Mar-2007 14:43:56	6	11.486	-1	0	
6	600	27-Mar-2007 14:44:02	6	1.910	2	1	
6	600	27-Mar-2007 14:44:07	8	0.501	2	0	
6	600	27-Mar-2007 14:44:11	4	1.284	2	1	
6	600	27-Mar-2007 14:44:15	4	0.590	1	1	
6	600	27-Mar-2007 14:44:21	6	1.559	2	1	
6	600	27-Mar-2007 14:44:26	8	1.084	1	1	
6	600	27-Mar-2007 14:44:36	4	6.844	2	0	
6	600	27-Mar-2007 14:44:50	6	9.968	2	0	
6	600	27-Mar-2007 14:45:50	8	55.997	1	0	
6	600	27-Mar-2007 14:45:55	4	1.194	1	0	
6	600	27-Mar-2007 14:46:00	8	0.621	1	1	
6	600	27-Mar-2007 14:46:09	4	5.607	-1	0	
6	600	27-Mar-2007 14:46:14	4	1.232	1	0	
6	600	27-Mar-2007 14:46:19	4	1.493	1	1	
6	600	27-Mar-2007 14:46:24	6	1.632	2	0	
6	600	27-Mar-2007 14:46:29	8	0.665	2	0	
6	600	27-Mar-2007 14:46:34	4	1.185	2	0	
6	600	27-Mar-2007 14:46:38	8	0.183	1	0	
6	600	27-Mar-2007 14:46:42	4	0.690	1	1	
6	600	27-Mar-2007 14:46:47	8	0.259	1	0	
6	600	27-Mar-2007 14:46:51	4	0.820	2	1	
6	600	27-Mar-2007 14:47:01	8	5.568	2	1	
7	900	27-Mar-2007 16:23:57	4	0.292	2	1	
7	900	27-Mar-2007 16:24:03	8	1.518	1	1	
7	900	27-Mar-2007 16:24:07	6	0.274	2	1	
7	900	27-Mar-2007 16:24:12	8	0.272	2	1	
7	900	27-Mar-2007 16:24:16	6	0.250	2	1	
7	900	27-Mar-2007 16:24:20	4	0.360	2	1	
7	900	27-Mar-2007 16:24:24	6	0.316	2	1	
7	900	27-Mar-2007 16:24:27	4	0.233	2	1	
7	900	27-Mar-2007 16:24:31	4	0.210	2	1	
7	900	27-Mar-2007 16:24:35	8	0.155	2	1	
7	900	27-Mar-2007 16:24:40	8	0.223	2	1	
7	900	27-Mar-2007 16:24:44	6	0.165	2	1	
7	900	27-Mar-2007 16:24:48	4	0.249	2	1	
7	900	27-Mar-2007 16:24:51	4	0.358	2	1	
7	900	27-Mar-2007 16:24:55	6	0.210	1	1	
7	900	27-Mar-2007 16:24:59	6	0.215	1	1	
7	900	27-Mar-2007 16:25:03	4	0.103	1	1	
7	900	27-Mar-2007 16:25:07	4	0.473	1	1	
7	900	27-Mar-2007 16:25:11	6	0.238	1	1	
7	900	27-Mar-2007 16:25:15	8	0.204	1	1	
7	900	27-Mar-2007 16:25:19	4	0.203	1	1	
7	900	27-Mar-2007 16:25:23	8	0.178	2	1	
7	900	27-Mar-2007 16:25:27	6	0.215	1	1	
7	900	27-Mar-2007 16:25:32	8	0.141	2	1	
7	900	27-Mar-2007 16:25:36	6	0.228	2	1	
7	900	27-Mar-2007 16:25:40	6	0.210	1	1	
7	900	27-Mar-2007 16:25:44	8	0.008	2	1	
7	900	27-Mar-2007 16:25:49	6	0.236	2	1	
7	900	27-Mar-2007 16:25:52	4	0.401	1	1	
7	900	27-Mar-2007 16:25:56	4	0.228	2	1	
8	1200	06-Apr-2007 16:18:03	6	2.829	-1	0	
8	1200	06-Apr-2007 16:18:12	4	5.266	1	0	
8	1200	06-Apr-2007 16:18:17	6	0.999	1	0	
8	1200	06-Apr-2007 16:18:21	4	0.404	1	1	
8	1200	06-Apr-2007 16:18:25	6	0.364	2	1	
8	1200	06-Apr-2007 16:18:29	4	0.353	1	1	
8	1200	06-Apr-2007 16:18:34	8	0.966	2	1	
8	1200	06-Apr-2007 16:18:39	4	1.387	2	1	
8	1200	06-Apr-2007 16:18:44	8	0.344	1	1	
8	1200	06-Apr-2007 16:18:48	4	0.831	2	1	
8	1200	06-Apr-2007 16:18:53	8	0.634	1	1	
8	1200	06-Apr-2007 16:18:57	4	0.478	2	1	
8	1200	06-Apr-2007 16:19:00	4	0.584	1	1	
8	1200	06-Apr-2007 16:19:06	8	1.133	1	1	
8	1200	06-Apr-2007 16:19:11	4	1.596	1	1	
8	1200	06-Apr-2007 16:19:16	8	0.377	2	1	
8	1200	06-Apr-2007 16:19:19	4	0.395	1	1	
8	1200	06-Apr-2007 16:19:23	6	0.348	2	0	
8	1200	06-Apr-2007 16:19:27	4	0.572	1	1	
8	1200	06-Apr-2007 16:19:33	8	1.352	2	1	
8	1200	06-Apr-2007 16:19:37	4	0.847	2	1	
8	1200	06-Apr-2007 16:19:42	6	0.401	2	1	
8	1200	06-Apr-2007 16:19:47	8	1.181	2	1	
8	1200	06-Apr-2007 16:19:51	6	0.170	1	1	
8	1200	06-Apr-2007 16:19:54	4	0.000	2	1	
8	1200	06-Apr-2007 16:19:59	6	0.455	2	1	
8	1200	06-Apr-2007 16:20:03	8	0.259	2	1	
8	1200	06-Apr-2007 16:20:08	6	0.545	2	1	
8	1200	06-Apr-2007 16:20:12	6	0.306	2	1	
8	1200	06-Apr-2007 16:20:18	8	1.907	2	0	
9	300	17-Apr-2007 11:15:30	8	2.268	2	1	
9	300	17-Apr-2007 11:15:36	8	1.584	2	1	
9	300	17-Apr-2007 11:15:40	4	1.066	2	1	
9	300	17-Apr-2007 11:15:46	8	0.791	1	1	
9	300	17-Apr-2007 11:15:50	6	0.784	1	1	
9	300	17-Apr-2007 11:15:55	8	0.463	2	1	
9	300	17-Apr-2007 11:15:59	6	0.496	1	1	
9	300	17-Apr-2007 11:16:04	8	0.448	1	1	
9	300	17-Apr-2007 11:16:09	6	1.021	1	1	
9	300	17-Apr-2007 11:16:14	8	0.432	1	1	
9	300	17-Apr-2007 11:16:19	4	1.945	2	1	
9	300	17-Apr-2007 11:16:25	6	1.971	1	0	
9	300	17-Apr-2007 11:16:29	4	0.458	1	1	
9	300	17-Apr-2007 11:16:34	8	0.375	2	1	
9	300	17-Apr-2007 11:16:39	6	1.273	1	1	
9	300	17-Apr-2007 11:16:43	4	0.815	2	1	
9	300	17-Apr-2007 11:16:48	6	0.631	1	0	
9	300	17-Apr-2007 11:16:52	6	0.613	1	0	
9	300	17-Apr-2007 11:16:56	4	0.639	2	1	
9	300	17-Apr-2007 11:17:01	8	0.274	1	0	
9	300	17-Apr-2007 11:17:06	4	1.764	2	1	
9	300	17-Apr-2007 11:17:11	8	0.972	1	0	
9	300	17-Apr-2007 11:17:16	8	0.182	2	1	
9	300	17-Apr-2007 11:17:20	4	1.395	2	1	
9	300	17-Apr-2007 11:17:26	6	1.594	2	1	
9	300	17-Apr-2007 11:17:30	6	0.738	2	1	
9	300	17-Apr-2007 11:17:35	6	0.994	2	0	
9	300	17-Apr-2007 11:17:41	4	1.990	1	0	
9	300	17-Apr-2007 11:17:45	4	0.902	1	1	
9	300	17-Apr-2007 11:17:51	4	2.194	2	0	
10	600	17-Apr-2007 11:39:35	6	11.566	2	0	
10	600	17-Apr-2007 11:39:41	6	2.768	1	1	
10	600	17-Apr-2007 11:39:47	8	0.918	1	1	
10	600	17-Apr-2007 11:39:52	8	1.332	1	1	
10	600	17-Apr-2007 11:39:56	4	0.683	1	1	
10	600	17-Apr-2007 11:40:00	4	0.602	1	1	
10	600	17-Apr-2007 11:40:07	4	2.993	2	1	
10	600	17-Apr-2007 11:40:11	6	0.809	2	1	
10	600	17-Apr-2007 11:40:17	8	1.267	1	1	
10	600	17-Apr-2007 11:40:22	4	1.224	1	0	
10	600	17-Apr-2007 11:40:26	4	0.731	2	1	
10	600	17-Apr-2007 11:40:31	8	1.087	1	1	
10	600	17-Apr-2007 11:40:35	4	0.542	1	1	
10	600	17-Apr-2007 11:40:48	6	8.867	1	1	
10	600	17-Apr-2007 11:40:53	8	0.572	1	1	
10	600	17-Apr-2007 11:40:58	8	1.464	2	1	
10	600	17-Apr-2007 11:41:04	6	1.680	2	1	
10	600	17-Apr-2007 11:41:09	4	1.486	1	1	
10	600	17-Apr-2007 11:41:15	6	2.683	1	0	
10	600	17-Apr-2007 11:41:19	4	0.693	1	1	
10	600	17-Apr-2007 11:41:26	8	1.751	1	0	
10	600	17-Apr-2007 11:41:31	8	1.162	2	1	
10	600	17-Apr-2007 11:41:38	4	3.675	2	1	
10	600	17-Apr-2007 11:41:43	8	0.698	2	1	
10	600	17-Apr-2007 11:41:51	4	4.658	2	1	
10	600	17-Apr-2007 11:41:56	6	0.542	2	0	
10	600	17-Apr-2007 11:42:00	4	0.756	1	1	
10	600	17-Apr-2007 11:42:05	8	0.746	1	1	
10	600	17-Apr-2007 11:42:10	4	1.872	1	1	
10	600	17-Apr-2007 11:42:14	4	1.025	1	1	
11	900	17-Apr-2007 12:06:25	6	3.684	1	1	
11	900	17-Apr-2007 12:06:32	4	3.374	2	0	
11	900	17-Apr-2007 12:06:37	8	0.859	2	1	
11	900	17-Apr-2007 12:06:42	6	1.095	1	1	
11	900	17-Apr-2007 12:06:47	4	1.341	1	1	
11	900	17-Apr-2007 12:06:52	8	0.326	2	1	
11	900	17-Apr-2007 12:06:56	6	0.734	2	0	
11	900	17-Apr-2007 12:07:00	4	0.480	1	1	
11	900	17-Apr-2007 12:07:04	6	0.609	2	1	
11	900	17-Apr-2007 12:07:08	4	0.596	2	1	
11	900	17-Apr-2007 12:07:13	6	0.835	1	1	
11	900	17-Apr-2007 12:07:18	6	0.504	2	0	
11	900	17-Apr-2007 12:07:22	8	0.270	1	1	
11	900	17-Apr-2007 12:07:27	4	1.430	2	1	
11	900	17-Apr-2007 12:07:33	6	1.730	2	1	
11	900	17-Apr-2007 12:07:38	8	1.096	1	0	
11	900	17-Apr-2007 12:07:42	4	0.283	1	1	
11	900	17-Apr-2007 12:07:46	6	0.314	2	0	
11	900	17-Apr-2007 12:07:50	4	0.336	2	1	
11	900	17-Apr-2007 12:07:54	8	0.250	1	1	
11	900	17-Apr-2007 12:07:59	6	1.335	2	0	
11	900	17-Apr-2007 12:08:04	8	0.589	2	1	
11	900	17-Apr-2007 12:08:08	4	0.695	1	1	
11	900	17-Apr-2007 12:08:13	6	1.264	2	0	
11	900	17-Apr-2007 12:08:18	6	0.466	2	1	
11	900	17-Apr-2007 12:08:23	8	0.390	1	1	
11	900	17-Apr-2007 12:08:27	8	0.409	1	1	
11	900	17-Apr-2007 12:08:32	6	0.977	1	0	
11	900	17-Apr-2007 12:08:37	6	0.783	1	0	
11	900	17-Apr-2007 12:08:40	4	0.305	1	1	
13	300	17-Apr-2007 12:23:40	4	4.465	2	1	
13	300	17-Apr-2007 12:23:48	6	3.754	2	1	
13	300	17-Apr-2007 12:23:53	8	0.976	2	1	
13	300	17-Apr-2007 12:23:58	6	1.463	1	0	
13	300	17-Apr-2007 12:24:04	8	0.850	2	1	
13	300	17-Apr-2007 12:24:09	6	1.489	2	1	
13	300	17-Apr-2007 12:24:14	8	0.617	2	1	
13	300	17-Apr-2007 12:24:18	4	0.859	1	1	
13	300	17-Apr-2007 12:24:23	6	0.536	2	1	
13	300	17-Apr-2007 12:24:27	4	0.882	1	1	
13	300	17-Apr-2007 12:24:31	6	0.588	2	1	
13	300	17-Apr-2007 12:24:35	4	0.318	2	1	
13	300	17-Apr-2007 12:24:40	6	0.705	1	0	
13	300	17-Apr-2007 12:24:44	6	0.447	2	1	
13	300	17-Apr-2007 12:24:49	8	0.414	2	1	
13	300	17-Apr-2007 12:24:53	6	0.581	2	1	
13	300	17-Apr-2007 12:24:57	4	0.672	1	1	
13	300	17-Apr-2007 12:25:02	8	0.209	2	0	
13	300	17-Apr-2007 12:25:07	8	1.061	1	1	
13	300	17-Apr-2007 12:25:12	6	0.263	1	1	
13	300	17-Apr-2007 12:25:15	4	0.589	1	1	
13	300	17-Apr-2007 12:25:20	6	0.495	2	1	
13	300	17-Apr-2007 12:25:24	4	0.867	1	1	
13	300	17-Apr-2007 12:25:29	6	0.718	1	1	
13	300	17-Apr-2007 12:25:33	6	0.721	1	1	
13	300	17-Apr-2007 12:25:39	4	2.321	2	0	
13	300	17-Apr-2007 12:25:44	8	0.528	1	0	
13	300	17-Apr-2007 12:25:48	6	0.482	2	1	
13	300	17-Apr-2007 12:25:52	6	0.346	1	0	
13	300	17-Apr-2007 12:25:58	8	1.285	2	1	
14	600	17-Apr-2007 13:07:19	4	1.247	1	1	
14	600	17-Apr-2007 13:07:24	6	1.551	1	1	
14	600	17-Apr-2007 13:07:28	6	0.462	1	1	
14	600	17-Apr-2007 13:07:33	6	0.377	2	1	
14	600	17-Apr-2007 13:07:37	4	0.621	1	1	
14	600	17-Apr-2007 13:07:45	4	5.112	1	1	
14	600	17-Apr-2007 13:07:53	4	4.597	2	1	
14	600	17-Apr-2007 13:07:57	6	0.200	2	1	
14	600	17-Apr-2007 13:08:02	6	0.531	1	1	
14	600	17-Apr-2007 13:08:07	8	0.754	1	1	
14	600	17-Apr-2007 13:08:11	6	0.311	2	1	
14	600	17-Apr-2007 13:08:16	4	1.746	1	1	
14	600	17-Apr-2007 13:08:20	4	0.683	2	1	
14	600	17-Apr-2007 13:08:24	8	0.171	2	1	
14	600	17-Apr-2007 13:08:30	4	2.159	2	1	
14	600	17-Apr-2007 13:08:34	6	0.246	2	1	
14	600	17-Apr-2007 13:08:39	4	1.701	1	1	
14	600	17-Apr-2007 13:08:43	6	0.127	2	1	
14	600	17-Apr-2007 13:08:47	8	0.061	1	1	
14	600	17-Apr-2007 13:08:52	4	1.631	2	1	
14	600	17-Apr-2007 13:08:57	6	0.187	1	1	
14	600	17-Apr-2007 13:09:01	8	0.224	1	1	
14	600	17-Apr-2007 13:09:05	6	0.115	2	1	
14	600	17-Apr-2007 13:09:10	8	0.101	1	1	
14	600	17-Apr-2007 13:09:18	8	3.751	1	1	
14	600	17-Apr-2007 13:09:23	4	1.523	1	0	
14	600	17-Apr-2007 13:09:26	4	0.396	1	1	
14	600	17-Apr-2007 13:09:30	6	0.079	2	1	
14	600	17-Apr-2007 13:09:37	8	2.310	1	0	
14	600	17-Apr-2007 13:09:41	6	0.139	1	1	
15	900	17-Apr-2007 14:02:09	6	2.555	-1	0	
15	900	17-Apr-2007 14:02:14	4	1.206	1	1	
15	900	17-Apr-2007 14:02:18	6	0.840	1	1	
15	900	17-Apr-2007 14:02:23	8	0.409	2	1	
15	900	17-Apr-2007 14:02:28	8	0.420	2	1	
15	900	17-Apr-2007 14:02:32	6	0.303	2	1	
15	900	17-Apr-2007 14:02:37	8	0.422	1	1	
15	900	17-Apr-2007 14:02:44	8	2.752	2	1	
15	900	17-Apr-2007 14:02:49	8	0.670	2	1	
15	900	17-Apr-2007 14:02:53	4	0.608	2	1	
15	900	17-Apr-2007 14:02:57	6	0.284	1	1	
15	900	17-Apr-2007 14:03:02	6	0.755	2	1	
15	900	17-Apr-2007 14:03:07	8	0.569	2	1	
15	900	17-Apr-2007 14:03:13	6	2.277	1	1	
15	900	17-Apr-2007 14:03:18	8	0.836	2	1	
15	900	17-Apr-2007 14:03:26	4	4.469	1	0	
15	900	17-Apr-2007 14:03:32	8	1.465	2	1	
15	900	17-Apr-2007 14:03:37	8	0.284	1	1	
15	900	17-Apr-2007 14:03:41	8	0.492	2	1	
15	900	17-Apr-2007 14:03:46	6	0.477	2	1	
15	900	17-Apr-2007 14:03:51	4	1.416	1	0	
15	900	17-Apr-2007 14:03:56	8	0.609	2	1	
15	900	17-Apr-2007 14:04:00	6	0.396	2	1	
15	900	17-Apr-2007 14:04:06	8	1.597	2	1	
15	900	17-Apr-2007 14:04:11	6	1.187	1	1	
15	900	17-Apr-2007 14:04:15	4	0.470	2	1	
15	900	17-Apr-2007 14:04:19	8	0.256	2	1	
15	900	17-Apr-2007 14:04:24	8	0.793	2	1	
15	900	17-Apr-2007 14:04:29	6	0.419	2	1	
15	900	17-Apr-2007 14:04:34	8	1.097	2	1	
16	1200	17-Apr-2007 14:40:43	8	2.220	2	1	
16	1200	17-Apr-2007 14:40:49	8	1.649	1	1	
16	1200	17-Apr-2007 14:40:56	4	3.803	2	0	
16	1200	17-Apr-2007 14:41:01	6	1.005	1	1	
16	1200	17-Apr-2007 14:41:07	6	2.028	2	1	
16	1200	17-Apr-2007 14:41:12	8	1.008	1	1	
16	1200	17-Apr-2007 14:41:16	4	0.931	1	1	
16	1200	17-Apr-2007 14:41:22	8	0.907	1	1	
16	1200	17-Apr-2007 14:41:27	6	1.237	2	1	
16	1200	17-Apr-2007 14:41:31	6	0.724	2	1	
16	1200	17-Apr-2007 14:41:36	4	1.622	2	1	
16	1200	17-Apr-2007 14:41:42	8	1.639	2	1	
16	1200	17-Apr-2007 14:41:48	4	2.250	1	1	
16	1200	17-Apr-2007 14:41:53	6	1.050	2	1	
16	1200	17-Apr-2007 14:41:58	6	1.280	2	1	
16	1200	17-Apr-2007 14:42:03	8	0.718	2	1	
16	1200	17-Apr-2007 14:42:08	6	1.101	1	1	
16	1200	17-Apr-2007 14:42:12	6	0.670	1	1	
16	1200	17-Apr-2007 14:42:18	6	1.676	2	1	
16	1200	17-Apr-2007 14:42:25	4	3.772	2	1	
16	1200	17-Apr-2007 14:42:30	4	1.714	1	0	
16	1200	17-Apr-2007 14:42:35	8	0.729	2	1	
16	1200	17-Apr-2007 14:42:40	6	0.714	2	1	
16	1200	17-Apr-2007 14:42:44	4	0.898	1	0	
16	1200	17-Apr-2007 14:42:49	6	0.543	2	1	
16	1200	17-Apr-2007 14:42:53	6	0.602	1	1	
16	1200	17-Apr-2007 14:42:58	8	0.748	2	1	
16	1200	17-Apr-2007 14:43:04	4	2.026	1	1	
16	1200	17-Apr-2007 14:43:09	8	0.613	1	1	
16	1200	17-Apr-2007 14:43:14	4	1.841	1	1	
17	300	17-Apr-2007 15:15:11	6	5.183	1	1	
17	300	17-Apr-2007 15:15:16	6	0.960	1	1	
17	300	17-Apr-2007 15:15:21	4	2.205	2	1	
17	300	17-Apr-2007 15:15:26	6	1.128	2	1	
17	300	17-Apr-2007 15:15:33	8	1.975	1	0	
17	300	17-Apr-2007 15:15:38	8	0.989	1	1	
17	300	17-Apr-2007 15:15:43	6	0.924	1	1	
17	300	17-Apr-2007 15:15:47	4	0.796	1	0	
17	300	17-Apr-2007 15:15:51	4	0.649	2	1	
17	300	17-Apr-2007 15:15:56	8	0.998	2	1	
17	300	17-Apr-2007 15:16:00	4	0.585	1	0	
17	300	17-Apr-2007 15:16:05	6	0.544	2	1	
17	300	17-Apr-2007 15:16:10	4	1.725	1	1	
17	300	17-Apr-2007 15:16:14	4	0.494	1	0	
17	300	17-Apr-2007 15:16:18	4	0.613	1	1	
17	300	17-Apr-2007 15:16:23	8	0.639	2	0	
17	300	17-Apr-2007 15:16:27	4	0.577	1	1	
17	300	17-Apr-2007 15:16:34	8	2.303	2	1	
17	300	17-Apr-2007 15:16:38	6	0.609	1	1	
17	300	17-Apr-2007 15:16:43	8	0.904	1	0	
17	300	17-Apr-2007 15:16:49	6	1.626	2	0	
17	300	17-Apr-2007 15:16:53	4	0.460	2	1	
17	300	17-Apr-2007 15:16:57	6	0.546	1	1	
17	300	17-Apr-2007 15:17:02	6	0.812	1	1	
17	300	17-Apr-2007 15:17:06	4	1.013	1	0	
17	300	17-Apr-2007 15:17:11	4	1.704	1	0	
17	300	17-Apr-2007 15:17:16	8	0.498	2	1	
17	300	17-Apr-2007 15:17:21	4	2.041	1	0	
17	300	17-Apr-2007 15:17:26	6	0.695	1	0	
17	300	17-Apr-2007 15:17:31	8	0.726	1	1	
19	900	02-May-2007 11:07:53	4	9.585	2	1	
19	900	02-May-2007 11:08:00	8	2.370	1	1	
19	900	02-May-2007 11:08:05	6	1.029	1	1	
19	900	02-May-2007 11:08:09	4	0.742	2	1	
19	900	02-May-2007 11:08:17	6	4.175	1	1	
19	900	02-May-2007 11:08:22	4	0.902	1	1	
19	900	02-May-2007 11:08:27	6	1.824	1	0	
19	900	02-May-2007 11:08:32	6	0.389	1	1	
19	900	02-May-2007 11:08:36	8	0.401	1	1	
19	900	02-May-2007 11:08:40	4	0.644	2	1	
19	900	02-May-2007 11:08:45	6	0.700	1	1	
19	900	02-May-2007 11:08:50	8	0.283	2	0	
19	900	02-May-2007 11:08:53	4	0.448	2	1	
19	900	02-May-2007 11:08:58	6	0.560	2	1	
19	900	02-May-2007 11:09:02	4	0.225	1	1	
19	900	02-May-2007 11:09:06	8	0.134	1	1	
19	900	02-May-2007 11:09:10	6	0.188	1	1	
19	900	02-May-2007 11:09:16	8	1.737	1	1	
19	900	02-May-2007 11:09:20	4	0.281	2	1	
19	900	02-May-2007 11:09:24	6	0.128	2	1	
19	900	02-May-2007 11:09:28	6	0.326	1	0	
19	900	02-May-2007 11:09:33	8	0.264	1	1	
19	900	02-May-2007 11:09:37	8	0.272	2	1	
19	900	02-May-2007 11:09:42	6	0.310	2	0	
19	900	02-May-2007 11:09:46	6	0.214	1	1	
19	900	02-May-2007 11:09:50	4	0.900	1	1	
19	900	02-May-2007 11:09:54	6	0.287	1	0	
19	900	02-May-2007 11:09:59	8	0.232	1	1	
19	900	02-May-2007 11:10:03	6	0.525	1	0	
19	900	02-May-2007 11:10:15	8	7.420	2	0	
25	600	19-May-2007 13:55:32	4	2.398	1	0	
25	600	19-May-2007 13:55:40	6	3.658	1	1	
25	600	19-May-2007 13:55:45	4	1.931	2	1	
25	600	19-May-2007 13:55:50	6	1.054	2	1	
25	600	19-May-2007 13:55:55	6	0.754	2	1	
25	600	19-May-2007 13:55:59	4	0.905	2	1	
25	600	19-May-2007 13:56:03	4	0.665	2	1	
25	600	19-May-2007 13:56:10	8	2.691	1	1	
25	600	19-May-2007 13:56:14	6	0.574	1	1	
25	600	19-May-2007 13:56:20	8	0.962	1	1	
25	600	19-May-2007 13:56:26	4	3.000	2	0	
25	600	19-May-2007 13:56:31	8	0.555	1	1	
25	600	19-May-2007 13:56:36	6	0.701	1	1	
25	600	19-May-2007 13:56:41	6	1.368	2	1	
25	600	19-May-2007 13:56:46	8	0.405	1	0	
25	600	19-May-2007 13:56:49	4	0.561	1	0	
25	600	19-May-2007 13:56:54	6	0.867	1	1	
25	600	19-May-2007 13:56:59	6	0.992	1	0	
25	600	19-May-2007 13:57:04	4	1.414	1	1	
25	600	19-May-2007 13:57:09	8	1.014	2	0	
25	600	19-May-2007 13:57:14	4	1.604	1	0	
25	600	19-May-2007 13:57:18	4	0.951	1	1	
25	600	19-May-2007 13:57:24	8	1.118	2	0	
25	600	19-May-2007 13:57:29	4	1.714	2	0	
25	600	19-May-2007 13:57:34	4	1.498	1	1	
25	600	19-May-2007 13:57:39	8	0.736	1	1	
25	600	19-May-2007 13:57:44	8	0.696	1	1	
25	600	19-May-2007 13:57:50	6	1.603	1	1	
25	600	19-May-2007 13:57:54	4	1.451	2	0	
25	600	19-May-2007 13:57:59	6	0.914	2	1	
26	100	19-May-2007 14:54:32	4	3.414	1	1	
26	100	19-May-2007 14:54:37	6	1.322	2	1	
26	100	19-May-2007 14:54:43	8	1.251	1	1	
26	100	19-May-2007 14:54:47	6	0.703	1	1	
26	100	19-May-2007 14:54:53	8	0.870	2	0	
26	100	19-May-2007 14:54:57	4	0.751	2	1	
26	100	19-May-2007 14:55:01	4	0.931	1	0	
26	100	19-May-2007 14:55:05	6	0.607	1	1	
26	100	19-May-2007 14:55:09	4	0.548	1	1	
26	100	19-May-2007 14:55:17	6	3.398	1	1	
26	100	19-May-2007 14:55:24	8	2.738	2	0	
26	100	19-May-2007 14:55:28	4	0.698	1	1	
26	100	19-May-2007 14:55:35	8	2.495	1	0	
26	100	19-May-2007 14:55:39	6	0.328	1	1	
26	100	19-May-2007 14:55:43	6	0.511	1	0	
26	100	19-May-2007 14:55:48	8	0.771	1	1	
26	100	19-May-2007 14:55:53	6	0.477	1	0	
26	100	19-May-2007 14:55:59	8	2.181	2	1	
26	100	19-May-2007 14:56:05	4	2.282	1	0	
26	100	19-May-2007 14:56:09	6	0.577	1	0	
26	100	19-May-2007 14:56:15	8	1.187	1	1	
26	100	19-May-2007 14:56:23	6	4.612	2	1	
26	100	19-May-2007 14:56:30	8	1.945	1	1	
26	100	19-May-2007 14:56:37	6	3.082	1	1	
26	100	19-May-2007 14:56:42	4	1.546	1	0	
26	100	19-May-2007 14:56:46	8	0.447	2	1	
26	100	19-May-2007 14:56:54	6	3.915	2	1	
26	100	19-May-2007 14:56:59	6	1.131	2	1	
26	100	19-May-2007 14:57:04	8	0.680	1	1	
26	100	19-May-2007 14:57:10	4	2.522	2	1	
28	100	19-May-2007 15:04:46	4	2.561	-1	0	
28	100	19-May-2007 15:05:00	8	10.097	2	0	
28	100	19-May-2007 15:05:06	6	1.579	2	1	
28	100	19-May-2007 15:05:12	8	2.168	1	1	
28	100	19-May-2007 15:05:17	6	1.070	1	1	
28	100	19-May-2007 15:05:22	8	0.791	1	1	
28	100	19-May-2007 15:05:28	8	0.899	1	1	
28	100	19-May-2007 15:05:32	6	0.846	1	1	
28	100	19-May-2007 15:05:43	8	6.297	1	1	
28	100	19-May-2007 15:05:48	6	0.868	1	1	
28	100	19-May-2007 15:05:54	4	2.726	2	0	
28	100	19-May-2007 15:05:59	8	0.773	2	0	
28	100	19-May-2007 15:06:03	4	0.888	1	0	
28	100	19-May-2007 15:06:07	4	0.642	1	1	
28	100	19-May-2007 15:06:15	8	2.974	1	1	
28	100	19-May-2007 15:06:20	8	1.178	1	0	
28	100	19-May-2007 15:06:26	8	1.413	1	0	
28	100	19-May-2007 15:06:31	6	1.245	2	1	
28	100	19-May-2007 15:06:35	6	0.493	1	0	
28	100	19-May-2007 15:06:40	8	0.635	1	0	
28	100	19-May-2007 15:06:45	6	0.465	2	1	
28	100	19-May-2007 15:06:51	4	2.940	1	1	
28	100	19-May-2007 15:06:59	6	4.112	2	1	
28	100	19-May-2007 15:07:03	4	0.823	1	0	
28	100	19-May-2007 15:07:08	6	0.754	2	1	
28	100	19-May-2007 15:07:13	6	1.102	2	1	
28	100	19-May-2007 15:07:18	6	1.544	1	0	
28	100	19-May-2007 15:07:24	6	1.898	2	1	
28	100	19-May-2007 15:07:31	8	2.436	1	1	
28	100	19-May-2007 15:07:35	8	0.347	1	1	
30	100	20-May-2007 10:36:05	6	2.400	1	1	
30	100	20-May-2007 10:36:17	8	7.540	1	0	
30	100	20-May-2007 10:36:24	4	3.261	2	1	
30	100	20-May-2007 10:36:30	6	1.926	2	1	
30	100	20-May-2007 10:36:37	6	3.823	2	1	
30	100	20-May-2007 10:36:42	4	0.881	1	1	
30	100	20-May-2007 10:36:47	4	1.571	1	1	
30	100	20-May-2007 10:36:54	6	3.062	1	1	
30	100	20-May-2007 10:37:01	6	3.914	1	1	
30	100	20-May-2007 10:37:06	6	1.111	1	1	
30	100	20-May-2007 10:37:12	8	1.094	2	1	
30	100	20-May-2007 10:37:19	8	2.790	2	0	
30	100	20-May-2007 10:37:25	8	1.555	2	1	
30	100	20-May-2007 10:37:33	6	4.459	1	0	
30	100	20-May-2007 10:37:39	8	1.263	2	1	
30	100	20-May-2007 10:37:44	4	1.767	1	1	
30	100	20-May-2007 10:37:50	8	1.966	1	1	
30	100	20-May-2007 10:37:55	6	0.711	1	1	
30	100	20-May-2007 10:38:00	8	0.774	2	0	
30	100	20-May-2007 10:38:06	8	1.240	1	1	
30	100	20-May-2007 10:38:12	4	3.005	2	1	
30	100	20-May-2007 10:38:19	8	3.048	1	1	
30	100	20-May-2007 10:38:26	8	2.456	1	1	
30	100	20-May-2007 10:38:32	8	1.382	1	1	
30	100	20-May-2007 10:38:42	6	6.499	1	0	
30	100	20-May-2007 10:38:48	8	1.446	2	1	
30	100	20-May-2007 10:38:55	4	3.111	2	0	
30	100	20-May-2007 10:38:59	6	0.978	1	1	
30	100	20-May-2007 10:39:05	4	1.936	2	1	
30	100	20-May-2007 10:39:10	6	0.993	1	1	
31	48	20-May-2007 11:12:19	8	9.105	1	0	
31	48	20-May-2007 11:12:26	4	4.248	2	1	
31	48	20-May-2007 11:12:34	6	3.428	2	0	
31	48	20-May-2007 11:12:39	6	1.718	2	1	
31	48	20-May-2007 11:12:44	4	1.068	2	0	
31	48	20-May-2007 11:12:49	6	1.321	1	1	
31	48	20-May-2007 11:12:53	4	0.985	2	0	
31	48	20-May-2007 11:12:59	8	1.810	2	1	
31	48	20-May-2007 11:13:05	4	2.288	2	0	
31	48	20-May-2007 11:13:10	6	1.067	2	0	
31	48	20-May-2007 11:13:15	4	2.022	1	1	
31	48	20-May-2007 11:13:21	8	1.392	1	1	
31	48	20-May-2007 11:13:26	4	1.285	1	0	
31	48	20-May-2007 11:13:31	6	1.116	2	1	
31	48	20-May-2007 11:13:35	4	0.763	2	1	
31	48	20-May-2007 11:13:39	4	1.121	2	0	
31	48	20-May-2007 11:13:44	6	0.935	1	0	
31	48	20-May-2007 11:13:49	8	0.900	2	0	
31	48	20-May-2007 11:13:53	4	0.738	2	1	
31	48	20-May-2007 11:13:57	4	0.608	2	0	
31	48	20-May-2007 11:14:01	4	0.422	2	1	
31	48	20-May-2007 11:14:09	8	3.231	2	1	
31	48	20-May-2007 11:14:13	4	0.711	2	0	
31	48	20-May-2007 11:14:17	6	0.717	1	0	
31	48	20-May-2007 11:14:21	4	0.348	1	0	
31	48	20-May-2007 11:14:26	8	0.701	1	1	
31	48	20-May-2007 11:14:31	4	1.311	2	0	
31	48	20-May-2007 11:14:37	6	2.057	2	0	
31	48	20-May-2007 11:14:42	8	1.109	2	1	
31	48	20-May-2007 11:14:48	6	1.918	1	0	
38	1200	20-May-2007 14:48:40	8	2.135	2	1	
38	1200	20-May-2007 14:48:45	6	0.423	2	1	
38	1200	20-May-2007 14:48:49	4	0.437	2	1	
38	1200	20-May-2007 14:48:54	8	0.770	2	1	
38	1200	20-May-2007 14:48:59	6	1.232	2	1	
38	1200	20-May-2007 14:49:03	6	0.480	1	1	
38	1200	20-May-2007 14:49:08	8	0.453	1	1	
38	1200	20-May-2007 14:49:12	6	0.368	2	0	
38	1200	20-May-2007 14:49:17	6	0.712	1	1	
38	1200	20-May-2007 14:49:21	4	0.697	2	1	
38	1200	20-May-2007 14:49:25	6	0.435	2	1	
38	1200	20-May-2007 14:49:30	8	0.164	1	1	
38	1200	20-May-2007 14:49:35	8	0.195	2	1	
38	1200	20-May-2007 14:49:39	8	0.171	1	1	
38	1200	20-May-2007 14:49:43	4	0.584	1	1	
38	1200	20-May-2007 14:49:47	6	0.286	1	1	
38	1200	20-May-2007 14:49:52	8	0.114	1	1	
38	1200	20-May-2007 14:49:56	6	0.345	2	1	
38	1200	20-May-2007 14:50:00	6	0.372	2	0	
38	1200	20-May-2007 14:50:05	8	0.447	2	0	
38	1200	20-May-2007 14:50:09	6	0.383	1	1	
38	1200	20-May-2007 14:50:14	8	0.177	2	1	
38	1200	20-May-2007 14:50:18	6	0.288	2	1	
38	1200	20-May-2007 14:50:23	8	0.695	2	1	
38	1200	20-May-2007 14:50:28	8	0.525	2	1	
38	1200	20-May-2007 14:50:32	4	0.376	1	1	
38	1200	20-May-2007 14:50:35	4	0.231	2	1	
38	1200	20-May-2007 14:50:40	8	0.225	2	1	
38	1200	20-May-2007 14:50:44	4	0.220	1	1	
38	1200	20-May-2007 14:50:48	8	0.437	1	1	
mikedelay	1200	09-Jun-2008 08:01:37	8	3.263	2	1	
mikedelay	1200	09-Jun-2008 08:01:45	6	4.605	2	0	
mikedelay	1200	09-Jun-2008 08:01:51	8	1.290	2	0	
mikedelay	1200	09-Jun-2008 08:01:58	6	3.021	2	1	
mikedelay	1200	09-Jun-2008 08:02:06	8	3.842	1	1	
mikedelay	1200	09-Jun-2008 08:02:12	4	3.124	2	1	
mikedelay	1200	09-Jun-2008 08:02:23	4	7.210	2	1	
mikedelay	1200	09-Jun-2008 08:02:30	6	2.717	1	1	
mikedelay	1200	09-Jun-2008 08:02:44	8	9.992	1	0	
mikedelay	1200	09-Jun-2008 08:02:53	4	5.535	2	0	
mikedelay	1200	09-Jun-2008 08:02:58	6	1.136	2	1	
mikedelay	1200	09-Jun-2008 08:03:09	4	8.152	1	1	
mikedelay	1200	09-Jun-2008 08:03:15	6	1.621	2	1	
mikedelay	1200	09-Jun-2008 08:03:19	4	1.408	2	0	
mikedelay	1200	09-Jun-2008 08:03:24	8	0.495	2	1	
mikedelay	1200	09-Jun-2008 08:03:32	6	3.648	2	1	
mikedelay	1200	09-Jun-2008 08:03:39	4	4.109	1	0	
mikedelay	1200	09-Jun-2008 08:03:52	6	8.729	2	1	
mikedelay	1200	09-Jun-2008 08:03:56	4	0.734	1	0	
mikedelay	1200	09-Jun-2008 08:04:08	4	8.372	1	1	
mikedelay	1200	09-Jun-2008 08:04:13	8	0.724	1	1	
mikedelay	1200	09-Jun-2008 08:04:18	6	1.254	1	1	
mikedelay	1200	09-Jun-2008 08:04:22	4	1.202	1	0	
mikedelay	1200	09-Jun-2008 08:04:27	8	0.381	1	1	
mikedelay	1200	09-Jun-2008 08:04:32	6	0.684	1	1	
mikedelay	1200	09-Jun-2008 08:04:36	6	0.239	2	1	
mikedelay	1200	09-Jun-2008 08:04:40	8	0.345	2	1	
mikedelay	1200	09-Jun-2008 08:04:45	4	1.651	1	1	
mikedelay	1200	09-Jun-2008 08:04:49	4	0.246	2	1	
mikedelay	1200	09-Jun-2008 08:04:55	8	2.089	1	1	
mikedelay	1200	12-Jun-2008 08:20:02	4	1.614	1	0	
mikedelay	1200	12-Jun-2008 08:20:08	8	1.077	1	1	
mikedelay	1200	12-Jun-2008 08:20:13	4	1.362	2	1	
mikedelay	1200	12-Jun-2008 08:20:18	8	1.385	1	0	
mikedelay	1200	12-Jun-2008 08:20:24	4	1.816	2	0	
mikedelay	1200	12-Jun-2008 08:20:28	4	0.919	1	0	
mikedelay	1200	12-Jun-2008 08:20:44	8	11.343	2	0	
mikedelay	1200	12-Jun-2008 08:20:51	8	2.593	1	0	
mikedelay	1200	12-Jun-2008 08:20:59	6	4.188	1	0	
mikedelay	1200	12-Jun-2008 08:21:05	4	3.111	2	1	
mikedelay	1200	12-Jun-2008 08:21:11	6	2.142	2	0	
mikedelay	1200	12-Jun-2008 08:21:17	8	2.016	1	1	
mikedelay	1200	12-Jun-2008 08:21:21	4	0.474	2	1	
mikedelay	1200	12-Jun-2008 08:21:27	4	2.409	1	1	
mikedelay	1200	12-Jun-2008 08:21:31	4	1.128	1	1	
mikedelay	1200	12-Jun-2008 08:21:49	8	12.865	2	1	
mikedelay	1200	12-Jun-2008 08:21:52	4	0.297	2	1	
mikedelay	1200	12-Jun-2008 08:21:57	6	0.577	1	0	
mikedelay	1200	12-Jun-2008 08:22:02	8	0.748	2	0	
mikedelay	1200	12-Jun-2008 08:22:06	4	0.375	1	1	
mikedelay	1200	12-Jun-2008 08:22:10	8	0.397	1	0	
mikedelay	1200	12-Jun-2008 08:22:15	8	0.574	2	1	
mikedelay	1200	12-Jun-2008 08:22:19	4	0.172	1	1	
mikedelay	1200	12-Jun-2008 08:22:23	8	0.143	2	0	
mikedelay	1200	12-Jun-2008 08:22:27	4	0.682	1	1	
mikedelay	1200	12-Jun-2008 08:22:35	8	3.787	2	1	
mikedelay	1200	12-Jun-2008 08:22:44	6	4.319	1	0	
mikedelay	1200	12-Jun-2008 08:22:49	8	1.471	2	0	
mikedelay	1200	12-Jun-2008 08:23:02	6	8.555	1	0	
mikedelay	1200	12-Jun-2008 08:23:08	8	2.039	2	1	