cond 1 = 0.0000000000 nan 0.0000000000 0.7704844923 0.9850425867 0.9998666640 0.0000000000
cond 1 = 0.0000000000 nan 0.0000000000 0.7561688272 0.9770730742 0.9996071082 0.0000000000
cond 1 = 0.0000000000 nan 0.0000000000 0.7458307672 0.9662823418 0.9995700691 0.0000000000
cond 1 = 0.0000000000 nan 0.0000000000 0.7496999256 0.9700435414 0.9997385680 0.0000000000
cond 1 = 0.0000000000 nan 0.0000000000 0.7642925152 0.9788455578 0.9998108546 0.0000000000
cond 1 = 0.0000000000 nan 0.0000000000 0.7385321309 0.9764376663 0.9998762386 0.0000000000
cond 1 = 0.0000000000 nan 0.0000000000 0.8165639590 0.9857121481 0.9998219769 0.0000000000
cond 1 = 0.0000000000 nan 0.0000000000 0.7891537409 0.9833018312 0.9998467113 0.0000000000
cond 1 = 0.0000000000 nan 0.0000000000 0.7276670235 0.9683380899 0.9996113047 0.0000000000
cond 1 = 0.0000000000 nan 0.0000000000 0.7627151437 0.9719385358 0.9996685803 0.0000000000
cond 1 = 0.0000000000 nan 0.0000000000 0.7636660224 0.9840852204 0.9998745462 0.0000000000
cond 1 = 0.0000000000 nan 0.0000000000 0.7498466526 0.9766065769 0.9995718741 0.0000000000
cond 2 = 0.0000000728 nan 0.0000000000 0.7058670970 0.7714434214 0.8673007682 0.0000000000
cond 2 = 0.0000000688 nan 0.0000000000 0.6735427388 0.8351391693 0.9482631159 0.0000000000
cond 2 = 0.0000001383 nan 0.0000000000 0.6967237424 0.8083955698 0.9381962969 0.0000000000
cond 2 = 0.0000000965 nan 0.0000000000 0.7295069281 0.8709113343 0.9614821080 0.0000000000
cond 2 = 0.0000001037 nan 0.0000000000 0.7389181437 0.8593217356 0.9552307442 0.0000000000
cond 2 = 0.0000000801 nan 0.0000000000 0.7021950485 0.8257099551 0.9210989842 0.0000000000
cond 2 = 0.0000000791 nan 0.0000000000 0.6981039404 0.8210632883 0.9374159144 0.0000000000
cond 2 = 0.0000000888 nan 0.0000000000 0.7424373827 0.8664193359 0.9615550855 0.0000000000
cond 2 = 0.0000000844 nan 0.0000000000 0.7310128179 0.8180380702 0.9408612417 0.0000000000
cond 2 = 0.0000000729 nan 0.0000000000 0.7134518363 0.8720946999 0.9686186704 0.0000000000
cond 2 = 0.0000000931 nan 0.0000000000 0.7219076823 0.8440163576 0.9589194569 0.0000000000
cond 2 = 0.0000000780 nan 0.0000000000 0.7649733595 0.8802345954 0.9758005302 0.0000000000
cond 3 = 0.0000002512 nan 0.0000000000 0.7257510192 0.8047741070 0.9050119803 0.0000000000
cond 3 = 0.0000003282 nan 0.0000000000 0.6971602002 0.7795415856 0.8857352414 0.0000000000
cond 3 = 0.0000002461 nan 0.0000000000 0.6970393802 0.8009407482 0.9244175002 0.0000000000
cond 3 = 0.0000003643 nan 0.0000000000 0.7409479140 0.8194093067 0.9219956326 0.0000000000
cond 3 = 0.0000005822 nan 0.0000000000 0.7022184689 0.8661200353 0.9728610436 0.0000000000
cond 3 = 0.0000004547 nan 0.0000000000 0.7534320174 0.8994870161 0.9709078468 0.0000000000
cond 3 = 0.0000004642 nan 0.0000000000 0.6918198755 0.7807257622 0.8736946422 0.0000000000
cond 3 = 0.0000003305 nan 0.0000000000 0.7265332644 0.8114240944 0.9372816969 0.0000000000
cond 3 = 0.0000002944 nan 0.0000000000 0.7096497873 0.8312988851 0.9413054603 0.0000000000
cond 3 = 0.0000009191 nan 0.0000000000 0.6732033791 0.8256860977 0.9251578604 0.0000000000
cond 3 = 0.0000003996 nan 0.0000000000 0.7583016426 0.8321495740 0.9433777334 0.0000000000
cond 3 = 0.0000002452 nan 0.0000000000 0.7212839182 0.8402159251 0.9327023296 0.0000000000
cond 4 = 0.0000011837 nan 0.0000000000 0.6091803489 0.7275858649 0.8421175417 0.0000000000
cond 4 = 0.0000024182 nan 0.0000000000 0.7651813029 0.8662154003 0.9544311496 0.0000000000
cond 4 = 0.0000035169 nan 0.0000000000 0.7078638363 0.8413415962 0.9474594794 0.0000000000
cond 4 = 0.0000017864 nan 0.0000000000 0.7217175673 0.7976864522 0.9060551443 0.0000000000
cond 4 = 0.0000018085 nan 0.0000000000 0.7169350611 0.8137780810 0.9166109523 0.0000000000
cond 4 = 0.0000010019 nan 0.0000000000 0.7415096619 0.8457142441 0.9412576741 0.0000000000
cond 4 = 0.0000017460 nan 0.0000000000 0.7014278757 0.8286243902 0.9273337470 0.0000000000
cond 4 = 0.0000040682 nan 0.0000000000 0.6996230337 0.7879943792 0.8643736824 0.0000000000
cond 4 = 0.0000006642 nan 0.0000000000 0.7305960264 0.8505403892 0.9493571140 0.0000000000
cond 4 = 0.0000041305 nan 0.0000000000 0.7171891702 0.8223114000 0.8995346342 0.0000000000
cond 4 = 0.0000018148 nan 0.0000000000 0.7174189760 0.8220335757 0.9045755390 0.0000000000
cond 4 = 0.0000018039 nan 0.0000000000 0.7785455294 0.8928055543 0.9608455001 0.0000000000
cond 5 = 0.0000058926 nan 0.0000000000 0.6900722864 0.8119724093 0.9123093887 0.0000000000
cond 5 = 0.0000035784 nan 0.0000000000 0.7237924403 0.8633999090 0.9322587595 0.0000000000
cond 5 = 0.0000047899 nan 0.0000000000 0.6781884840 0.6997088107 0.7843804785 0.0000000000
cond 5 = 0.0000028299 nan 0.0000000000 0.7201262369 0.7839282268 0.8602444603 0.0000000000
cond 5 = 0.0000065396 nan 0.0000000000 0.6910626989 0.8358463224 0.9001290769 0.0000000000
cond 5 = 0.0000043123 nan 0.0000000000 0.6924060637 0.8111014140 0.8688745551 0.0000000000
cond 5 = 0.0000062781 nan 0.0000000000 0.6930480818 0.8209231618 0.9170667139 0.0000000000
cond 5 = 0.0000027307 nan 0.0000000000 0.7205189632 0.8339771598 0.9349071954 0.0000000000
cond 5 = 0.0000045134 nan 0.0000000000 0.7438133294 0.8927370112 0.9759914447 0.0000000000
cond 5 = 0.0000047535 nan 0.0000000000 0.7525307417 0.8725795079 0.9739294191 0.0000000000
cond 5 = 0.0000022724 nan 0.0000000000 0.6911614366 0.7648817601 0.8499240711 0.0000000000
cond 5 = 0.0000027243 nan 0.0000000000 0.7486073766 0.8543661869 0.9322864496 0.0000000000
cond 6 = 0.0000102180 nan 0.0000000000 0.7429365698 0.8432042238 0.9329194740 0.0000000000
cond 6 = 0.0000037924 nan 0.0000000000 0.6223426280 0.7201853052 0.8106969393 0.0000000000
cond 6 = 0.0000052020 nan 0.0000000000 0.6781315625 0.7988135127 0.9165937552 0.0000000000
cond 6 = 0.0000035343 nan 0.0000000000 0.6300538378 0.6925657110 0.7408336005 0.0000000000
cond 6 = 0.0000035431 nan 0.0000000000 0.7027244248 0.7958382980 0.8715257539 0.0000000000
cond 6 = 0.0000034338 nan 0.0000000000 0.7565599014 0.7979109131 0.8846735829 0.0000000000
cond 6 = 0.0000023661 nan 0.0000000000 0.7151028584 0.8388532415 0.8806310250 0.0000000000
cond 6 = 0.0000103582 nan 0.0000000000 0.6884169646 0.7403648765 0.8257109631 0.0000000000
cond 6 = 0.0000104233 nan 0.0000000000 0.6921547588 0.7798509610 0.8964541447 0.0000000000
cond 6 = 0.0000021551 nan 0.0000000000 0.7211867601 0.8228464127 0.9017682522 0.0000000000
cond 6 = 0.0000154393 nan 0.0000000000 0.7099028317 0.7882307597 0.8774093551 0.0000000000
cond 6 = 0.0000034191 nan 0.0000000000 0.7222015383 0.8482895803 0.9285851120 0.0000000000
cond 7 = 0.0000050804 nan 0.0000000000 0.7498806743 0.7955650664 0.9035796384 0.0000000000
cond 7 = 0.0000036376 nan 0.0000000000 0.6477768564 0.7913369111 0.8972421061 0.0000000000
cond 7 = 0.0000021714 nan 0.0000000000 0.7134807133 0.7838778372 0.8733075779 0.0000000000
cond 7 = 0.0000118708 nan 0.0000000000 0.7453235069 0.8345219581 0.9349103092 0.0000000000
cond 7 = 0.0000029768 nan 0.0000000000 0.6710843905 0.7862969404 0.9131464913 0.0000000000
cond 7 = 0.0000155787 nan 0.0000000000 0.6844781076 0.7781117238 0.8577073869 0.0000000000
cond 7 = 0.0000085810 nan 0.0000000000 0.6898804088 0.7500536010 0.8483849641 0.0000000000
cond 7 = 0.0000233660 nan 0.0000000000 0.7066999708 0.7746801044 0.8722772189 0.0000000000
cond 7 = 0.0000917724 nan 0.0000000000 0.7317740185 0.8235060166 0.9185411453 0.0000000000
cond 7 = 0.0000115640 nan 0.0000000000 0.7249793531 0.8255764400 0.9347522336 0.0000000000
cond 7 = 0.0000156231 nan 0.0000000000 0.6825220381 0.7330924487 0.8360077989 0.0000000000
cond 7 = 0.0000110284 nan 0.0000000000 0.5963827729 0.6847751421 0.7871080480 0.0000000000
cond 8 = 0.0000082383 nan 0.0000000000 0.6571374347 0.7862799264 0.8321498270 0.0000000000
cond 8 = 0.0000033864 nan 0.0000000000 0.7058696533 0.8559574440 0.8835983902 0.0000000000
cond 8 = 0.0323205664 nan 0.0000000000 0.6470841540 0.6993590431 0.7919968493 0.0000000000
cond 8 = 0.0000237832 nan 0.0000000000 0.7036345142 0.7935333239 0.8964139490 0.0000000000
cond 8 = 0.0000373152 nan 0.0000000000 0.6495469890 0.6971114300 0.8092033260 0.0000000000
cond 8 = 0.0004298883 nan 0.0000000000 0.6896270122 0.8107281304 0.8630871811 0.0000000000
cond 8 = 0.0000149795 nan 0.0000000000 0.6993759370 0.7390368870 0.8391852753 0.0000000000
cond 8 = 0.0001758005 nan 0.0000000000 0.6591461305 0.7990953270 0.9049034038 0.0000000000
cond 8 = 0.0000402711 nan 0.0000000000 0.6365567029 0.6684688112 0.7535721847 0.0000000000
cond 8 = 0.0000514729 nan 0.0000000000 0.6539791195 0.7731966677 0.8397530715 0.0000000000
cond 8 = 0.0000131482 nan 0.0000000000 0.7236624289 0.7630953948 0.8584081753 0.0000000000
cond 8 = 0.0000052398 nan 0.0000000000 0.6873979801 0.7369965870 0.8611485987 0.0000000000
