cond 1 = 0.0000002260 nan 0.0000000000 0.7006284703 0.7431980411 0.8604842925 0.0000000000
cond 1 = 0.0000001458 nan 0.0000000000 0.7454678776 0.8190691449 0.9386645668 0.0000000000
cond 1 = 0.0000002011 nan 0.0000000000 0.7033990371 0.7139241433 0.7810645477 0.0000000000
cond 1 = 0.0000001874 nan 0.0000000000 0.7362969551 0.8753186032 0.9526674715 0.0000000000
cond 1 = 0.0000003360 nan 0.0000000000 0.6169322935 0.6814782129 0.8199912142 0.0000000000
cond 1 = 0.0000002514 nan 0.0000000000 0.7509752523 0.8488586687 0.9560526018 0.0000000000
cond 1 = 0.0000002339 nan 0.0000000000 0.7565489964 0.9408328821 0.9965198974 0.0000000000
cond 1 = 0.0000002696 nan 0.0000000000 0.6511362544 0.6988131202 0.8167468377 0.0000000000
cond 1 = 0.0000001671 nan 0.0000000000 0.7447541281 0.8412982092 0.9327147729 0.0000000000
cond 1 = 0.0000001924 nan 0.0000000000 0.7384580165 0.8104309922 0.9189206974 0.0000000000
cond 1 = 0.0000001064 nan 0.0000000000 0.7231140987 0.8371529315 0.9653818251 0.0000000000
cond 1 = 0.0000002289 nan 0.0000000000 0.7460579537 0.8365088128 0.9544717725 0.0000000000
cond 2 = 0.0000015868 nan 0.0000000000 0.7520824109 0.8724940695 0.9528626857 0.0000000000
cond 2 = 0.0000014830 nan 0.0000000000 0.7156157629 0.8482387788 0.8962542531 0.0000000000
cond 2 = 0.0000021576 nan 0.0000000000 0.7233996729 0.8713790897 0.9593067704 0.0000000000
cond 2 = 0.0000020533 nan 0.0000000000 0.6695988395 0.7554456719 0.8436167670 0.0000000000
cond 2 = 0.0000020688 nan 0.0000000000 0.6816847146 0.7932551073 0.9375646152 0.0000000000
cond 2 = 0.0000016459 nan 0.0000000000 0.6386457619 0.7548730205 0.8256755356 0.0000000000
cond 2 = 0.0000008536 nan 0.0000000000 0.6796987793 0.8050119067 0.8850943779 0.0000000000
cond 2 = 0.0000011785 nan 0.0000000000 0.7210680765 0.7802937643 0.8779397856 0.0000000000
cond 2 = 0.0000015127 nan 0.0000000000 0.7137307197 0.8420442304 0.9135755207 0.0000000000
cond 2 = 0.0000034360 nan 0.0000000000 0.6648040308 0.7352115268 0.8374830075 0.0000000000
cond 2 = 0.0000016159 nan 0.0000000000 0.6826917254 0.8059517151 0.8959107886 0.0000000000
cond 2 = 0.0000014721 nan 0.0000000000 0.7539471278 0.8970809817 0.9417520120 0.0000000000
cond 3 = 0.0000049243 nan 0.0000000000 0.7270638084 0.7677758424 0.8360840415 0.0000000000
cond 3 = 0.0000046101 nan 0.0000000000 0.7837692793 0.8768568157 0.9606323034 0.0000000000
cond 3 = 0.0000097011 nan 0.0000000000 0.7413143040 0.8411433331 0.9020645838 0.0000000000
cond 3 = 0.0000039926 nan 0.0000000000 0.7252693314 0.8415112972 0.9323811258 0.0000000000
cond 3 = 0.0000042056 nan 0.0000000000 0.7018406840 0.8756382268 0.9559063193 0.0000000000
cond 3 = 0.0000079401 nan 0.0000000000 0.6992398769 0.7964793323 0.9115206922 0.0000000000
cond 3 = 0.0000037481 nan 0.0000000000 0.6758746439 0.7916347116 0.8499916408 0.0000000000
cond 3 = 0.0000063781 nan 0.0000000000 0.7112889638 0.8814875637 0.9673226559 0.0000000000
cond 3 = 0.0000055774 nan 0.0000000000 0.7854482457 0.8468866737 0.9305792412 0.0000000000
cond 3 = 0.0000022697 nan 0.0000000000 0.7207421835 0.8866883946 0.9794139896 0.0000000000
cond 3 = 0.0000095745 nan 0.0000000000 0.6838732501 0.8179844962 0.9407087406 0.0000000000
cond 3 = 0.0000033649 nan 0.0000000000 0.7658543111 0.8356343049 0.9250055425 0.0000000000
