cond 1 = 0.0000041262 nan 0.0000000000 0.7149634002 0.9808938333 0.9914374001 0.0000000000
cond 1 = 0.0000020195 nan 0.0000000000 0.7719235427 0.9138418019 0.9879205532 0.0000000000
cond 1 = 0.0000002189 nan 0.0000000000 0.7818103799 0.9085846454 0.9381128105 0.0000000000
cond 1 = 0.0008405208 nan 0.0000000000 0.7432272581 0.9871546505 0.9963584433 0.0000000000
cond 1 = 0.0006010955 nan 0.0000000000 0.7155419584 0.9155544822 0.9590386249 0.0000000000
cond 1 = 0.0000110867 nan 0.0000000000 0.7017623699 0.8350267321 0.9190536899 0.0000000000
cond 1 = 0.0011467477 nan 0.0000000000 0.6357369954 0.6945234922 0.7546592447 0.0000000000
cond 1 = 0.0154205773 nan 0.0000000000 0.7522727440 0.9156781912 0.9558858005 0.0000000000
cond 1 = 0.0036850165 nan 0.0000000000 0.6898607627 0.9135611901 0.9784464790 0.0000000000
cond 1 = 0.0001768649 nan 0.0000000000 0.6796126748 0.8887560550 0.9031152265 0.0000000000
cond 1 = 0.0062608454 nan 0.0000000000 0.7093185753 0.8586396836 0.9186758239 0.0000000000
cond 1 = 0.0000468239 nan 0.0000000000 0.8318813240 0.9714331612 0.9931143762 0.0000000000
cond 2 = 0.0000073192 nan 0.0000000000 0.7593850184 0.8933992389 0.9382265778 0.0000000000
cond 2 = 0.0010603144 nan 0.0000000000 0.7386549148 0.8835090056 0.9192504330 0.0000000000
cond 2 = 0.0000031230 nan 0.0000000000 0.7386288549 0.9056135085 0.9758302884 0.0000000000
cond 2 = 0.0000061858 nan 0.0000000000 0.7673169777 0.8656861364 0.9352572544 0.0000000000
cond 2 = 0.0000036035 nan 0.0000000000 0.7422194974 0.8423577231 0.9109994080 0.0000000000
cond 2 = 0.0000055593 nan 0.0000000000 0.7945943501 0.9584491293 0.9849505003 0.0000000000
cond 2 = 0.0000125568 nan 0.0000000000 0.7475718523 0.8892440801 0.9403245532 0.0000000000
cond 2 = 0.0000528891 nan 0.0000000000 0.7305382009 0.7930052217 0.8308811068 0.0000000000
cond 2 = 0.0000194606 nan 0.0000000000 0.6711550135 0.8340973714 0.8782334034 0.0000000000
cond 2 = 0.0001800048 nan 0.0000000000 0.7210610849 0.9024964718 0.9682499901 0.0000000000
cond 2 = 0.0000285605 nan 0.0000000000 0.6612914656 0.8435250396 0.8906451564 0.0000000000
cond 2 = 0.0000196739 nan 0.0000000000 0.7361588686 0.7784873129 0.8220454553 0.0000000000
cond 3 = 0.0000038900 nan 0.0000000000 0.6782649300 0.7412091287 0.8047093253 0.0000000000
cond 3 = 0.0000053829 nan 0.0000000000 0.6883973681 0.8108964738 0.9355876216 0.0000000000
cond 3 = 0.0000025935 nan 0.0000000000 0.7530931969 0.8477442959 0.9069073259 0.0000000000
cond 3 = 0.0000010868 nan 0.0000000000 0.7429588155 0.8757192554 0.9440732971 0.0000000000
cond 3 = 0.0000027389 nan 0.0000000000 0.7112353468 0.7846013410 0.8982753415 0.0000000000
cond 3 = 0.0000019890 nan 0.0000000000 0.7653840186 0.8947680379 0.9727986437 0.0000000000
cond 3 = 0.0000035299 nan 0.0000000000 0.7146526980 0.7787184452 0.8771398469 0.0000000000
cond 3 = 0.0000021070 nan 0.0000000000 0.7476666129 0.8655406763 0.9598025814 0.0000000000
cond 3 = 0.0000032528 nan 0.0000000000 0.6944457175 0.8272164121 0.8896238381 0.0000000000
cond 3 = 0.0000021357 nan 0.0000000000 0.7413248289 0.8283230299 0.9230261355 0.0000000000
cond 3 = 0.0000007426 nan 0.0000000000 0.7213201124 0.8532935901 0.9105657200 0.0000000000
cond 3 = 0.0000103945 nan 0.0000000000 0.7434346559 0.8378863963 0.9130712984 0.0000000000
cond 4 = 0.0000022076 nan 0.0000000000 0.7873948688 0.8724507448 0.9620211783 0.0000000000
cond 4 = 0.0000012228 nan 0.0000000000 0.7819471771 0.8823211318 0.9746008702 0.0000000000
cond 4 = 0.0000018462 nan 0.0000000000 0.6794073199 0.8081303504 0.9094115390 0.0000000000
cond 4 = 0.0000019294 nan 0.0000000000 0.7441755540 0.8260748015 0.9043992572 0.0000000000
cond 4 = 0.0000018447 nan 0.0000000000 0.6267027783 0.7602065020 0.8474032239 0.0000000000
cond 4 = 0.0000015760 nan 0.0000000000 0.6459571771 0.7250265467 0.8154327925 0.0000000000
cond 4 = 0.0000024129 nan 0.0000000000 0.6841842358 0.7665444961 0.8296160937 0.0000000000
cond 4 = 0.0000027607 nan 0.0000000000 0.7495764150 0.8472285152 0.9150927471 0.0000000000
cond 4 = 0.0000014637 nan 0.0000000000 0.6427808919 0.8192123471 0.9043191012 0.0000000000
cond 4 = 0.0000117785 nan 0.0000000000 0.6769110920 0.7537053784 0.8064744381 0.0000000000
cond 4 = 0.0000016569 nan 0.0000000000 0.6586516436 0.7570406328 0.8778838510 0.0000000000
cond 4 = 0.0000008487 nan 0.0000000000 0.7503643205 0.8425420635 0.9103451738 0.0000000000
cond 5 = 0.0000019175 nan 0.0000000000 0.7122063706 0.8133160845 0.9288451288 0.0000000000
cond 5 = 0.0000014016 nan 0.0000000000 0.7705728169 0.8317205716 0.8979359792 0.0000000000
cond 5 = 0.0000022211 nan 0.0000000000 0.7179101722 0.7876392060 0.8910957757 0.0000000000
cond 5 = 0.0000009202 nan 0.0000000000 0.7233072986 0.8028964512 0.8926776957 0.0000000000
cond 5 = 0.0000025088 nan 0.0000000000 0.6837395814 0.7973842302 0.8771899206 0.0000000000
cond 5 = 0.0000008450 nan 0.0000000000 0.7652584708 0.8690461096 0.9457529602 0.0000000000
cond 5 = 0.0000009066 nan 0.0000000000 0.7038301905 0.7689713323 0.8723870042 0.0000000000
cond 5 = 0.0000015245 nan 0.0000000000 0.6643688128 0.7688365513 0.9000643859 0.0000000000
cond 5 = 0.0000009709 nan 0.0000000000 0.7399043578 0.8666663772 0.9571890497 0.0000000000
cond 5 = 0.0000018736 nan 0.0000000000 0.6850781814 0.7372230576 0.7950494381 0.0000000000
cond 5 = 0.0000017042 nan 0.0000000000 0.7534462552 0.8394740820 0.9138486058 0.0000000000
cond 5 = 0.0000011908 nan 0.0000000000 0.6806230624 0.7351039040 0.8268667245 0.0000000000
cond 6 = 0.0000006165 nan 0.0000000000 0.7679708655 0.8826259465 0.9348700791 0.0000000000
cond 6 = 0.0000014809 nan 0.0000000000 0.7200564342 0.8420849757 0.9057623502 0.0000000000
cond 6 = 0.0000008419 nan 0.0000000000 0.7009420106 0.7701013455 0.8735468856 0.0000000000
cond 6 = 0.0000006912 nan 0.0000000000 0.7925723893 0.8801339547 0.9517347583 0.0000000000
cond 6 = 0.0000009322 nan 0.0000000000 0.7142755014 0.8410695538 0.9522639526 0.0000000000
cond 6 = 0.0000010768 nan 0.0000000000 0.6506187907 0.7599408240 0.8631910194 0.0000000000
cond 6 = 0.0000010882 nan 0.0000000000 0.6991203820 0.8230453120 0.9199274445 0.0000000000
cond 6 = 0.0000012394 nan 0.0000000000 0.6708890320 0.8067169340 0.8866328949 0.0000000000
cond 6 = 0.0000007412 nan 0.0000000000 0.7563855430 0.8739696069 0.9523055656 0.0000000000
cond 6 = 0.0000011254 nan 0.0000000000 0.7160834153 0.8382301089 0.9241068158 0.0000000000
cond 6 = 0.0000012953 nan 0.0000000000 0.6749587247 0.7569243512 0.8704324544 0.0000000000
cond 6 = 0.0000005995 nan 0.0000000000 0.6940381511 0.8288490789 0.9378817177 0.0000000000
