1	3	19-May-2007 13:55:05	4	2.821	2	1	
1	3	19-May-2007 13:55:11	8	1.303	1	1	
1	3	19-May-2007 13:55:16	4	1.429	2	1	
1	3	19-May-2007 13:55:21	8	0.970	1	1	
1	3	19-May-2007 13:55:25	4	1.054	1	1	
1	3	19-May-2007 13:55:30	6	1.373	1	1	
1	3	19-May-2007 13:55:35	4	1.042	2	1	
1	3	19-May-2007 13:55:40	6	1.360	1	1	
1	3	19-May-2007 13:55:45	8	0.932	2	1	
1	3	19-May-2007 13:55:52	6	2.361	1	0	
1	3	19-May-2007 13:55:56	4	1.047	1	1	
1	3	19-May-2007 13:56:02	6	2.066	2	0	
1	3	19-May-2007 13:56:08	8	1.835	1	1	
1	3	19-May-2007 13:56:15	6	3.307	1	0	
1	3	19-May-2007 13:56:21	8	0.985	1	1	
1	3	19-May-2007 13:56:25	6	0.339	1	1	
1	3	19-May-2007 13:56:29	4	0.705	2	1	
1	3	19-May-2007 13:56:35	6	1.852	1	1	
1	3	19-May-2007 13:56:39	4	0.876	2	1	
1	3	19-May-2007 13:56:43	6	0.169	1	1	
1	3	19-May-2007 13:56:47	4	1.312	1	1	
1	3	19-May-2007 13:56:54	8	1.817	2	1	
1	3	19-May-2007 13:56:59	6	0.980	2	1	
1	3	19-May-2007 13:57:03	8	0.421	1	1	
1	3	19-May-2007 13:57:08	4	0.887	2	1	
1	3	19-May-2007 13:57:13	6	1.265	1	1	
1	3	19-May-2007 13:57:18	8	0.779	2	1	
1	3	19-May-2007 13:57:21	4	0.228	2	1	
1	3	19-May-2007 13:57:25	6	0.189	1	1	
1	3	19-May-2007 13:57:30	8	0.535	2	1	
2	6	19-May-2007 14:19:57	8	2.282	1	0	
2	6	19-May-2007 14:20:03	8	0.817	2	1	
2	6	19-May-2007 14:20:08	8	0.616	1	0	
2	6	19-May-2007 14:20:12	4	0.461	1	1	
2	6	19-May-2007 14:20:16	8	0.373	2	0	
2	6	19-May-2007 14:20:22	8	1.466	1	0	
2	6	19-May-2007 14:20:27	8	0.517	1	0	
2	6	19-May-2007 14:20:31	6	0.518	1	1	
2	6	19-May-2007 14:20:37	8	1.023	2	0	
2	6	19-May-2007 14:20:42	8	0.455	2	0	
2	6	19-May-2007 14:20:47	6	1.279	1	1	
2	6	19-May-2007 14:20:51	4	0.952	1	1	
2	6	19-May-2007 14:20:55	6	0.647	2	1	
2	6	19-May-2007 14:21:00	4	1.253	2	1	
2	6	19-May-2007 14:21:05	6	0.721	1	1	
2	6	19-May-2007 14:21:09	4	0.609	1	0	
2	6	19-May-2007 14:21:13	6	0.365	2	1	
2	6	19-May-2007 14:21:18	8	0.734	2	0	
2	6	19-May-2007 14:21:23	8	0.460	1	0	
2	6	19-May-2007 14:21:27	6	0.441	2	1	
2	6	19-May-2007 14:21:33	8	1.779	1	0	
2	6	19-May-2007 14:21:39	6	1.998	1	1	
2	6	19-May-2007 14:21:44	8	0.418	2	0	
2	6	19-May-2007 14:21:48	4	0.723	1	0	
2	6	19-May-2007 14:21:52	4	0.516	1	0	
2	6	19-May-2007 14:21:56	6	0.383	1	1	
2	6	19-May-2007 14:22:01	8	0.451	1	0	
2	6	19-May-2007 14:22:06	4	1.796	1	1	
2	6	19-May-2007 14:22:11	8	0.559	2	0	
2	6	19-May-2007 14:22:17	6	2.472	1	0	
3	9	20-May-2007 10:56:22	6	6.180	1	1	
3	9	20-May-2007 10:56:28	4	2.366	2	1	
3	9	20-May-2007 10:56:35	8	2.094	2	1	
3	9	20-May-2007 10:56:40	8	1.108	2	1	
3	9	20-May-2007 10:56:45	6	1.188	1	1	
3	9	20-May-2007 10:56:50	8	0.904	2	1	
3	9	20-May-2007 10:56:58	4	4.079	2	0	
3	9	20-May-2007 10:57:03	4	1.732	1	1	
3	9	20-May-2007 10:57:08	8	0.928	2	1	
3	9	20-May-2007 10:57:13	6	0.989	2	0	
3	9	20-May-2007 10:57:20	8	2.263	1	1	
3	9	20-May-2007 10:57:24	8	0.385	1	1	
3	9	20-May-2007 10:57:29	6	0.543	1	0	
3	9	20-May-2007 10:57:33	4	0.593	2	1	
3	9	20-May-2007 10:57:37	6	0.330	1	1	
3	9	20-May-2007 10:57:40	4	0.220	1	1	
3	9	20-May-2007 10:57:44	4	0.322	1	1	
3	9	20-May-2007 10:57:49	6	0.735	1	1	
3	9	20-May-2007 10:57:57	8	3.772	2	1	
3	9	20-May-2007 10:58:01	4	0.426	2	1	
3	9	20-May-2007 10:58:04	4	0.341	1	1	
3	9	20-May-2007 10:58:09	8	0.430	1	1	
3	9	20-May-2007 10:58:13	6	0.278	2	1	
3	9	20-May-2007 10:58:22	8	4.461	1	0	
3	9	20-May-2007 10:58:26	6	0.480	1	0	
3	9	20-May-2007 10:58:31	6	0.361	2	1	
3	9	20-May-2007 10:58:35	6	0.365	2	1	
3	9	20-May-2007 10:58:38	4	0.415	2	1	
3	9	20-May-2007 10:58:43	6	1.061	2	0	
3	9	20-May-2007 10:58:49	8	1.229	2	1	
7	3	20-May-2007 15:22:13	6	2.032	1	1	
7	3	20-May-2007 15:22:21	8	3.400	2	1	
7	3	20-May-2007 15:22:25	4	0.836	2	1	
7	3	20-May-2007 15:22:30	6	0.938	2	1	
7	3	20-May-2007 15:22:34	4	0.803	2	1	
7	3	20-May-2007 15:22:39	6	0.812	2	1	
7	3	20-May-2007 15:22:44	8	0.609	2	1	
7	3	20-May-2007 15:22:48	4	0.536	1	1	
7	3	20-May-2007 15:22:53	8	0.620	1	1	
7	3	20-May-2007 15:22:57	6	0.507	1	1	
7	3	20-May-2007 15:23:01	4	1.091	1	1	
7	3	20-May-2007 15:23:06	6	0.847	1	1	
7	3	20-May-2007 15:23:11	8	0.411	1	1	
7	3	20-May-2007 15:23:17	6	1.824	1	1	
7	3	20-May-2007 15:23:22	8	0.483	2	1	
7	3	20-May-2007 15:23:26	4	0.703	1	1	
7	3	20-May-2007 15:23:30	6	0.441	2	1	
7	3	20-May-2007 15:23:34	4	0.454	1	1	
7	3	20-May-2007 15:23:38	6	0.307	1	1	
7	3	20-May-2007 15:23:43	8	0.412	1	1	
7	3	20-May-2007 15:23:47	6	0.466	2	1	
7	3	20-May-2007 15:23:52	8	0.331	1	1	
7	3	20-May-2007 15:23:56	6	0.599	1	1	
7	3	20-May-2007 15:24:00	4	0.554	2	1	
7	3	20-May-2007 15:24:04	6	0.535	1	1	
7	3	20-May-2007 15:24:09	8	0.370	2	1	
7	3	20-May-2007 15:24:13	6	0.518	1	1	
7	3	20-May-2007 15:24:18	8	0.556	1	1	
7	3	20-May-2007 15:24:22	4	0.444	2	1	
7	3	20-May-2007 15:24:27	8	0.733	2	1	
8	6	20-May-2007 15:35:18	6	1.456	1	1	
8	6	20-May-2007 15:35:24	8	1.407	1	1	
8	6	20-May-2007 15:35:30	8	1.679	1	0	
8	6	20-May-2007 15:35:35	6	1.355	1	1	
8	6	20-May-2007 15:35:40	6	1.183	1	1	
8	6	20-May-2007 15:35:45	8	0.829	1	1	
8	6	20-May-2007 15:35:50	4	1.070	2	1	
8	6	20-May-2007 15:35:54	4	1.440	2	1	
8	6	20-May-2007 15:35:59	6	0.678	2	1	
8	6	20-May-2007 15:36:04	6	1.006	2	1	
8	6	20-May-2007 15:36:08	4	0.759	2	1	
8	6	20-May-2007 15:36:13	6	1.241	1	1	
8	6	20-May-2007 15:36:18	8	0.749	1	1	
8	6	20-May-2007 15:36:22	4	0.690	2	1	
8	6	20-May-2007 15:36:28	8	1.245	1	0	
8	6	20-May-2007 15:36:32	6	0.624	1	1	
8	6	20-May-2007 15:36:36	6	0.447	2	1	
8	6	20-May-2007 15:36:44	8	3.303	2	1	
8	6	20-May-2007 15:36:49	8	0.640	1	0	
8	6	20-May-2007 15:36:55	4	2.710	2	1	
8	6	20-May-2007 15:37:00	6	0.535	2	1	
8	6	20-May-2007 15:37:05	8	1.068	1	0	
8	6	20-May-2007 15:37:09	6	0.631	2	1	
8	6	20-May-2007 15:37:14	8	0.559	1	0	
8	6	20-May-2007 15:37:19	6	1.069	2	1	
8	6	20-May-2007 15:37:25	8	1.158	1	0	
8	6	20-May-2007 15:37:29	6	0.537	2	1	
8	6	20-May-2007 15:37:34	6	1.291	1	1	
8	6	20-May-2007 15:37:40	4	2.327	2	1	
8	6	20-May-2007 15:37:45	8	0.554	1	0	
6	9	20-May-2007 11:57:28	8	0.676	1	1	
6	9	20-May-2007 11:57:33	8	0.557	1	1	
6	9	20-May-2007 11:57:38	6	0.461	2	1	
6	9	20-May-2007 11:57:42	6	0.386	1	1	
6	9	20-May-2007 11:57:47	8	0.544	2	1	
6	9	20-May-2007 11:57:51	6	0.339	1	1	
6	9	20-May-2007 11:57:55	6	0.494	1	1	
6	9	20-May-2007 11:58:00	8	0.359	1	1	
6	9	20-May-2007 11:58:05	4	0.887	1	0	
6	9	20-May-2007 11:58:09	8	0.457	2	1	
6	9	20-May-2007 11:58:14	6	0.500	2	0	
6	9	20-May-2007 11:58:20	8	2.162	2	1	
6	9	20-May-2007 11:58:25	8	0.332	2	1	
6	9	20-May-2007 11:58:30	4	1.678	1	0	
6	9	20-May-2007 11:58:35	8	0.322	1	1	
6	9	20-May-2007 11:58:39	4	1.173	1	1	
6	9	20-May-2007 11:58:44	6	0.379	1	1	
6	9	20-May-2007 11:58:49	8	0.480	1	1	
6	9	20-May-2007 11:58:53	8	0.348	1	1	
6	9	20-May-2007 11:58:57	4	0.487	1	1	
6	9	20-May-2007 11:59:02	4	1.889	2	1	
6	9	20-May-2007 11:59:07	6	0.639	1	1	
6	9	20-May-2007 11:59:11	4	0.783	2	0	
6	9	20-May-2007 11:59:16	8	0.561	1	1	
6	9	20-May-2007 11:59:21	8	0.401	2	1	
6	9	20-May-2007 11:59:26	4	1.456	2	1	
6	9	20-May-2007 11:59:32	8	1.492	1	0	
6	9	20-May-2007 11:59:36	6	1.019	1	1	
6	9	20-May-2007 11:59:41	8	0.373	1	1	
6	9	20-May-2007 11:59:45	4	0.666	1	1	
4	3	20-May-2007 11:02:53	8	1.750	1	1	
4	3	20-May-2007 11:03:16	4	19.702	1	0	
4	3	20-May-2007 11:03:21	6	0.567	1	1	
4	3	20-May-2007 11:03:26	8	1.072	2	1	
4	3	20-May-2007 11:03:31	6	0.506	1	1	
4	3	20-May-2007 11:03:48	4	13.499	2	0	
4	3	20-May-2007 11:03:52	6	0.529	1	1	
4	3	20-May-2007 11:03:59	4	3.216	2	1	
4	3	20-May-2007 11:04:04	6	0.770	1	1	
4	3	20-May-2007 11:04:08	8	0.323	1	1	
4	3	20-May-2007 11:04:13	6	0.447	2	1	
4	3	20-May-2007 11:04:17	4	1.028	1	1	
4	3	20-May-2007 11:04:22	6	0.482	2	1	
4	3	20-May-2007 11:04:26	4	0.379	1	1	
4	3	20-May-2007 11:04:31	8	0.836	2	1	
4	3	20-May-2007 11:05:02	4	27.217	1	1	
4	3	20-May-2007 11:05:06	6	0.160	2	1	
4	3	20-May-2007 11:05:11	8	0.552	2	1	
4	3	20-May-2007 11:05:15	6	0.325	2	1	
4	3	20-May-2007 11:05:53	4	34.252	1	0	
4	3	20-May-2007 11:05:58	8	0.825	1	1	
4	3	20-May-2007 11:06:04	4	2.303	2	1	
4	3	20-May-2007 11:06:10	8	1.772	2	1	
4	3	20-May-2007 11:06:14	6	0.155	2	1	
4	3	20-May-2007 11:06:20	8	1.124	1	1	
4	3	20-May-2007 11:06:24	6	0.362	1	1	
4	3	20-May-2007 11:06:29	8	0.244	1	1	
4	3	20-May-2007 11:06:33	6	0.236	1	1	
4	3	20-May-2007 11:06:38	8	0.344	2	1	
4	3	20-May-2007 11:06:43	6	0.856	2	1	
5	6	20-May-2007 11:48:36	4	6.116	2	0	
5	6	20-May-2007 11:48:43	6	3.450	2	1	
5	6	20-May-2007 11:48:52	8	4.629	2	1	
5	6	20-May-2007 11:48:58	8	0.967	1	1	
5	6	20-May-2007 11:49:04	4	2.296	1	0	
5	6	20-May-2007 11:49:09	8	1.151	2	1	
5	6	20-May-2007 11:49:16	6	3.116	1	1	
5	6	20-May-2007 11:49:22	8	1.266	1	1	
5	6	20-May-2007 11:49:28	4	2.194	1	1	
5	6	20-May-2007 11:49:36	6	3.985	2	1	
5	6	20-May-2007 11:49:45	4	6.122	1	0	
5	6	20-May-2007 11:49:54	4	4.932	1	1	
5	6	20-May-2007 11:49:59	8	0.684	1	1	
5	6	20-May-2007 11:50:05	4	2.374	2	1	
5	6	20-May-2007 11:50:10	8	0.992	2	0	
5	6	20-May-2007 11:50:15	6	1.015	1	0	
5	6	20-May-2007 11:50:21	4	2.844	2	1	
5	6	20-May-2007 11:50:26	6	0.489	2	1	
5	6	20-May-2007 11:50:31	8	1.068	2	0	
5	6	20-May-2007 11:50:36	4	1.339	1	0	
5	6	20-May-2007 11:50:42	6	1.671	2	0	
5	6	20-May-2007 11:50:47	8	0.310	2	0	
5	6	20-May-2007 11:50:51	6	1.039	2	1	
5	6	20-May-2007 11:50:57	8	0.868	1	1	
5	6	20-May-2007 11:51:02	8	0.578	2	1	
5	6	20-May-2007 11:51:07	6	0.957	1	1	
5	6	20-May-2007 11:51:12	8	0.902	1	1	
5	6	20-May-2007 11:51:21	4	4.954	1	0	
5	6	20-May-2007 11:51:26	8	0.314	2	1	
5	6	20-May-2007 11:51:31	6	0.808	1	0	
9	9	25-Jul-2007 12:27:02	8	0.498	1	1	
9	9	25-Jul-2007 12:27:08	4	1.534	1	1	
9	9	25-Jul-2007 12:27:12	6	0.598	2	0	
9	9	25-Jul-2007 12:27:17	8	0.734	2	1	
9	9	25-Jul-2007 12:27:22	6	0.447	2	1	
9	9	25-Jul-2007 12:27:27	6	1.464	2	0	
9	9	25-Jul-2007 12:27:34	4	3.363	1	1	
9	9	25-Jul-2007 12:27:38	6	0.239	2	1	
9	9	25-Jul-2007 12:27:43	4	1.698	2	0	
9	9	25-Jul-2007 12:27:47	4	0.913	1	1	
9	9	25-Jul-2007 12:27:52	6	0.901	1	1	
9	9	25-Jul-2007 12:27:57	8	0.516	2	1	
9	9	25-Jul-2007 12:28:02	4	1.560	1	1	
9	9	25-Jul-2007 12:28:07	6	0.868	1	1	
9	9	25-Jul-2007 12:28:11	4	0.646	1	1	
9	9	25-Jul-2007 12:28:15	4	1.580	1	0	
9	9	25-Jul-2007 12:28:20	8	0.235	2	1	
9	9	25-Jul-2007 12:28:24	4	0.771	2	1	
9	9	25-Jul-2007 12:28:29	4	1.322	1	1	
9	9	25-Jul-2007 12:28:33	4	0.761	2	0	
9	9	25-Jul-2007 12:28:39	6	1.848	1	1	
9	9	25-Jul-2007 12:28:44	8	0.435	2	1	
9	9	25-Jul-2007 12:28:48	6	0.696	1	0	
9	9	25-Jul-2007 12:28:53	8	0.212	2	1	
9	9	25-Jul-2007 12:28:57	4	0.434	2	0	
9	9	25-Jul-2007 12:29:00	4	0.381	2	0	
9	9	25-Jul-2007 12:29:05	4	1.098	2	0	
9	9	25-Jul-2007 12:29:09	6	0.414	1	1	
9	9	25-Jul-2007 12:29:13	4	0.861	1	1	
9	9	25-Jul-2007 12:29:18	6	0.354	1	1	
10	3	26-Jul-2007 14:32:26	6	1.915	1	1	
10	3	26-Jul-2007 14:32:32	8	1.624	2	1	
10	3	26-Jul-2007 14:32:37	6	1.365	1	1	
10	3	26-Jul-2007 14:32:50	8	8.616	2	1	
10	3	26-Jul-2007 14:32:56	4	2.062	2	0	
10	3	26-Jul-2007 14:33:02	6	2.347	1	1	
10	3	26-Jul-2007 14:33:47	4	41.712	1	1	
10	3	26-Jul-2007 14:33:52	8	1.005	1	1	
10	3	26-Jul-2007 14:34:13	6	16.839	1	0	
10	3	26-Jul-2007 14:34:18	8	0.307	2	1	
10	3	26-Jul-2007 14:34:23	6	0.916	2	1	
10	3	26-Jul-2007 14:34:27	8	0.357	2	1	
10	3	26-Jul-2007 14:34:32	4	1.842	2	1	
10	3	26-Jul-2007 14:34:48	8	11.119	2	0	
10	3	26-Jul-2007 14:34:52	4	0.711	2	1	
10	3	26-Jul-2007 14:35:04	8	8.001	2	0	
10	3	26-Jul-2007 14:35:09	6	1.008	1	0	
10	3	26-Jul-2007 14:35:15	8	0.789	2	1	
10	3	26-Jul-2007 14:35:25	6	6.664	1	0	
10	3	26-Jul-2007 14:35:33	8	3.102	2	1	
10	3	26-Jul-2007 14:36:05	4	28.631	1	1	
10	3	26-Jul-2007 14:36:10	6	1.505	2	1	
10	3	26-Jul-2007 14:36:15	8	0.766	1	1	
10	3	26-Jul-2007 14:36:27	6	7.613	2	0	
10	3	26-Jul-2007 14:36:44	4	14.129	1	0	
10	3	26-Jul-2007 14:36:51	6	2.631	2	0	
10	3	26-Jul-2007 14:37:00	8	4.643	1	1	
10	3	26-Jul-2007 14:37:13	6	9.792	2	0	
10	3	26-Jul-2007 14:37:17	4	0.713	2	0	
10	3	26-Jul-2007 14:37:23	8	0.766	1	1	
11	6	29-Jul-2007 10:31:04	4	8.704	1	1	
11	6	29-Jul-2007 10:31:17	8	7.531	2	0	
11	6	29-Jul-2007 10:31:30	6	9.411	2	1	
11	6	29-Jul-2007 10:31:36	4	2.712	2	1	
11	6	29-Jul-2007 10:32:05	6	24.945	2	1	
11	6	29-Jul-2007 10:32:16	4	7.827	2	1	
11	6	29-Jul-2007 10:32:26	8	5.763	1	0	
11	6	29-Jul-2007 10:32:36	6	6.189	2	1	
11	6	29-Jul-2007 10:33:08	8	27.200	2	0	
11	6	29-Jul-2007 10:33:13	4	1.637	1	1	
11	6	29-Jul-2007 10:33:24	6	6.627	1	0	
11	6	29-Jul-2007 10:33:47	8	19.480	2	1	
11	6	29-Jul-2007 10:34:13	6	21.672	2	1	
11	6	29-Jul-2007 10:34:19	4	2.726	2	1	
11	6	29-Jul-2007 10:34:37	8	13.123	1	0	
11	6	29-Jul-2007 10:34:42	4	2.475	2	1	
11	6	29-Jul-2007 10:34:59	6	12.305	1	0	
11	6	29-Jul-2007 10:35:04	4	1.803	1	1	
11	6	29-Jul-2007 10:35:18	8	10.126	1	0	
11	6	29-Jul-2007 10:35:44	8	21.742	1	0	
11	6	29-Jul-2007 10:35:51	6	2.810	1	1	
11	6	29-Jul-2007 10:35:57	4	2.073	1	1	
11	6	29-Jul-2007 10:36:08	8	7.440	1	0	
11	6	29-Jul-2007 10:36:22	6	9.373	1	1	
11	6	29-Jul-2007 10:36:29	4	3.603	2	1	
11	6	29-Jul-2007 10:36:36	8	3.342	2	0	
11	6	29-Jul-2007 10:36:42	4	1.858	1	1	
11	6	29-Jul-2007 10:36:55	4	10.516	1	1	
11	6	29-Jul-2007 10:37:14	8	13.894	1	0	
11	6	29-Jul-2007 10:37:21	6	3.180	1	1	
14	6	29-Jul-2007 12:17:37	4	1.751	1	1	
14	6	29-Jul-2007 12:17:43	6	1.095	2	0	
14	6	29-Jul-2007 12:17:47	4	0.863	1	1	
14	6	29-Jul-2007 12:17:52	4	1.328	2	0	
14	6	29-Jul-2007 12:17:57	8	0.803	1	1	
14	6	29-Jul-2007 12:18:01	6	0.748	1	1	
14	6	29-Jul-2007 12:18:07	8	1.038	2	1	
14	6	29-Jul-2007 12:18:12	4	1.500	1	0	
14	6	29-Jul-2007 12:18:17	6	1.693	2	1	
14	6	29-Jul-2007 12:18:22	8	0.474	1	1	
14	6	29-Jul-2007 12:18:28	6	1.660	2	1	
14	6	29-Jul-2007 12:18:33	4	1.828	2	0	
14	6	29-Jul-2007 12:18:37	4	0.944	2	0	
14	6	29-Jul-2007 12:18:42	8	0.449	1	1	
14	6	29-Jul-2007 12:18:47	8	0.396	2	1	
14	6	29-Jul-2007 12:18:54	8	2.995	1	1	
14	6	29-Jul-2007 12:18:59	8	0.587	2	1	
14	6	29-Jul-2007 12:19:04	6	0.443	2	1	
14	6	29-Jul-2007 12:19:10	8	2.011	1	1	
14	6	29-Jul-2007 12:19:14	4	0.917	1	1	
14	6	29-Jul-2007 12:19:19	6	0.674	1	1	
14	6	29-Jul-2007 12:19:24	4	1.919	2	1	
14	6	29-Jul-2007 12:19:29	4	1.403	2	0	
14	6	29-Jul-2007 12:19:35	8	1.226	1	1	
14	6	29-Jul-2007 12:19:39	6	0.491	2	1	
14	6	29-Jul-2007 12:19:44	8	0.518	1	1	
14	6	29-Jul-2007 12:19:49	4	1.396	2	1	
14	6	29-Jul-2007 12:19:54	4	1.843	2	0	
14	6	29-Jul-2007 12:20:00	8	1.531	1	1	
14	6	29-Jul-2007 12:20:06	4	2.855	1	0	
18	9	29-Jul-2007 14:37:03	4	0.244	-1	0	
18	9	29-Jul-2007 14:37:13	8	3.920	-1	0	
18	9	29-Jul-2007 14:37:19	6	1.995	-1	0	
18	9	29-Jul-2007 14:37:27	6	3.135	-1	0	
18	9	29-Jul-2007 14:37:33	4	2.182	-1	0	
18	9	29-Jul-2007 14:37:45	8	7.012	-1	0	
18	9	29-Jul-2007 14:37:53	4	4.449	2	0	
18	9	29-Jul-2007 14:37:59	6	2.280	1	1	
18	9	29-Jul-2007 14:38:05	4	2.206	1	0	
18	9	29-Jul-2007 14:38:10	6	1.805	2	0	
18	9	29-Jul-2007 14:38:15	4	0.881	2	1	
18	9	29-Jul-2007 14:38:20	6	1.358	2	0	
18	9	29-Jul-2007 14:38:24	4	1.176	2	1	
18	9	29-Jul-2007 14:38:29	4	0.979	2	0	
18	9	29-Jul-2007 14:38:33	4	0.843	2	1	
18	9	29-Jul-2007 14:38:37	4	0.553	2	1	
18	9	29-Jul-2007 14:38:42	8	1.069	2	1	
18	9	29-Jul-2007 14:38:47	4	1.720	1	0	
18	9	29-Jul-2007 14:38:53	6	1.905	2	1	
18	9	29-Jul-2007 14:38:58	4	1.163	2	1	
18	9	29-Jul-2007 14:39:03	8	0.861	1	0	
18	9	29-Jul-2007 14:39:07	6	0.000	2	1	
18	9	29-Jul-2007 14:39:11	4	0.467	2	1	
18	9	29-Jul-2007 14:39:17	8	1.999	2	0	
18	9	29-Jul-2007 14:39:21	6	0.488	1	1	
18	9	29-Jul-2007 14:39:26	4	0.790	1	1	
18	9	29-Jul-2007 14:39:30	4	0.977	2	0	
18	9	29-Jul-2007 14:39:36	8	1.453	1	0	
18	9	29-Jul-2007 14:39:40	4	0.988	2	0	
18	9	29-Jul-2007 14:39:45	8	0.175	2	1	
21	9	29-Jul-2007 15:32:24	4	2.782	-1	0	
21	9	29-Jul-2007 15:32:29	6	0.851	-1	0	
21	9	29-Jul-2007 15:32:34	6	0.804	2	0	
21	9	29-Jul-2007 15:32:38	4	0.743	1	0	
21	9	29-Jul-2007 15:32:44	8	1.179	2	0	
21	9	29-Jul-2007 15:32:48	6	0.875	2	1	
21	9	29-Jul-2007 15:32:54	6	1.655	2	0	
21	9	29-Jul-2007 15:32:58	6	0.512	1	1	
21	9	29-Jul-2007 15:33:03	6	1.166	1	1	
21	9	29-Jul-2007 15:33:13	8	4.836	2	1	
21	9	29-Jul-2007 15:33:18	8	1.167	1	1	
21	9	29-Jul-2007 15:33:25	4	3.434	2	1	
21	9	29-Jul-2007 15:33:30	8	0.785	2	0	
21	9	29-Jul-2007 15:33:35	8	0.650	1	1	
21	9	29-Jul-2007 15:33:40	6	0.494	1	1	
21	9	29-Jul-2007 15:33:45	8	0.657	2	1	
21	9	29-Jul-2007 15:33:49	8	0.424	1	1	
21	9	29-Jul-2007 15:33:55	8	0.911	1	0	
21	9	29-Jul-2007 15:34:00	6	1.745	2	0	
21	9	29-Jul-2007 15:34:06	8	0.973	1	1	
21	9	29-Jul-2007 15:34:10	4	0.992	2	0	
21	9	29-Jul-2007 15:34:15	8	0.424	1	1	
21	9	29-Jul-2007 15:34:20	6	1.295	2	1	
21	9	29-Jul-2007 15:34:25	6	0.594	1	0	
21	9	29-Jul-2007 15:34:29	6	0.493	2	1	
21	9	29-Jul-2007 15:34:34	8	0.602	1	1	
21	9	29-Jul-2007 15:34:39	6	1.207	1	0	
21	9	29-Jul-2007 15:34:45	8	1.177	2	0	
21	9	29-Jul-2007 15:34:50	8	0.746	1	0	
21	9	29-Jul-2007 15:34:56	8	1.625	1	0	
22	3	29-Jul-2007 15:58:22	6	2.649	2	1	
22	3	29-Jul-2007 15:58:28	4	2.237	2	1	
22	3	29-Jul-2007 15:58:33	6	0.788	2	1	
22	3	29-Jul-2007 15:58:37	4	0.475	2	1	
22	3	29-Jul-2007 15:58:42	8	1.318	2	1	
22	3	29-Jul-2007 15:58:46	4	0.518	1	1	
22	3	29-Jul-2007 15:58:51	6	0.953	1	1	
22	3	29-Jul-2007 15:58:55	4	0.958	2	1	
22	3	29-Jul-2007 15:59:00	6	0.966	1	1	
22	3	29-Jul-2007 15:59:06	8	1.869	2	1	
22	3	29-Jul-2007 15:59:11	6	0.698	1	1	
22	3	29-Jul-2007 15:59:16	8	0.275	1	1	
22	3	29-Jul-2007 15:59:20	6	0.458	1	1	
22	3	29-Jul-2007 15:59:25	8	0.230	1	1	
22	3	29-Jul-2007 15:59:29	6	0.382	2	1	
22	3	29-Jul-2007 15:59:34	8	0.435	2	1	
22	3	29-Jul-2007 15:59:39	6	1.223	2	1	
22	3	29-Jul-2007 15:59:44	8	0.259	1	1	
22	3	29-Jul-2007 15:59:48	6	0.249	1	1	
22	3	29-Jul-2007 15:59:51	4	0.000	2	1	
22	3	29-Jul-2007 15:59:55	6	0.226	1	1	
22	3	29-Jul-2007 16:00:00	8	0.243	1	1	
22	3	29-Jul-2007 16:00:05	4	1.610	2	1	
22	3	29-Jul-2007 16:00:09	6	0.429	2	1	
22	3	29-Jul-2007 16:00:14	8	0.324	1	1	
22	3	29-Jul-2007 16:00:18	4	0.381	1	1	
22	3	29-Jul-2007 16:00:22	8	0.000	2	1	
22	3	29-Jul-2007 16:00:26	6	0.342	1	1	
22	3	29-Jul-2007 16:00:30	4	0.212	2	1	
22	3	29-Jul-2007 16:00:34	8	0.248	2	1	
15	9	29-Jul-2007 12:52:53	8	3.486	1	1	
15	9	29-Jul-2007 12:53:04	8	5.624	2	0	
15	9	29-Jul-2007 12:53:08	6	0.743	2	1	
15	9	29-Jul-2007 12:53:14	6	2.217	1	1	
15	9	29-Jul-2007 12:53:19	8	0.539	1	0	
15	9	29-Jul-2007 12:53:23	6	0.394	1	1	
15	9	29-Jul-2007 12:53:28	6	0.717	1	1	
15	9	29-Jul-2007 12:53:33	8	0.620	1	1	
15	9	29-Jul-2007 12:53:38	4	1.229	2	1	
15	9	29-Jul-2007 12:53:43	8	0.796	1	0	
15	9	29-Jul-2007 12:53:51	6	4.297	1	1	
15	9	29-Jul-2007 12:54:05	8	9.580	2	1	
15	9	29-Jul-2007 12:54:11	8	2.152	1	0	
15	9	29-Jul-2007 12:54:16	4	1.381	2	1	
15	9	29-Jul-2007 12:54:21	8	0.457	1	1	
15	9	29-Jul-2007 12:54:25	4	0.850	1	1	
15	9	29-Jul-2007 12:54:30	6	0.452	1	1	
15	9	29-Jul-2007 12:54:34	8	0.536	2	0	
15	9	29-Jul-2007 12:54:39	8	0.552	1	1	
15	9	29-Jul-2007 12:54:45	4	1.866	1	1	
15	9	29-Jul-2007 12:54:53	4	5.128	2	1	
15	9	29-Jul-2007 12:54:58	6	0.905	1	1	
15	9	29-Jul-2007 12:55:02	4	0.779	1	1	
15	9	29-Jul-2007 12:55:07	8	0.325	1	1	
15	9	29-Jul-2007 12:55:13	8	2.305	1	0	
15	9	29-Jul-2007 12:55:17	4	0.755	2	1	
15	9	29-Jul-2007 12:55:22	8	0.217	2	1	
15	9	29-Jul-2007 12:55:30	6	3.913	1	1	
15	9	29-Jul-2007 12:55:34	8	0.212	1	1	
15	9	29-Jul-2007 12:55:38	4	0.746	1	1	
20	6	29-Jul-2007 15:01:54	4	4.812	1	1	
20	6	29-Jul-2007 15:02:00	6	2.097	1	1	
20	6	29-Jul-2007 15:02:04	4	0.953	1	1	
20	6	29-Jul-2007 15:02:11	4	3.199	1	1	
20	6	29-Jul-2007 15:02:17	8	1.394	2	0	
20	6	29-Jul-2007 15:02:22	6	1.258	1	1	
20	6	29-Jul-2007 15:02:27	8	0.916	2	1	
20	6	29-Jul-2007 15:02:33	4	2.381	1	0	
20	6	29-Jul-2007 15:02:37	6	0.557	2	1	
20	6	29-Jul-2007 15:02:42	8	0.682	1	1	
20	6	29-Jul-2007 15:02:47	6	0.736	1	0	
20	6	29-Jul-2007 15:02:51	4	0.677	1	1	
20	6	29-Jul-2007 15:02:59	4	4.887	2	0	
20	6	29-Jul-2007 15:03:04	8	0.440	1	1	
20	6	29-Jul-2007 15:03:11	8	2.900	1	0	
20	6	29-Jul-2007 15:03:16	8	0.282	1	1	
20	6	29-Jul-2007 15:03:21	8	0.314	2	1	
20	6	29-Jul-2007 15:03:27	6	2.967	1	0	
20	6	29-Jul-2007 15:03:33	8	1.042	2	0	
20	6	29-Jul-2007 15:03:37	4	0.941	2	0	
20	6	29-Jul-2007 15:03:42	6	0.998	1	1	
20	6	29-Jul-2007 15:03:47	4	1.677	2	1	
20	6	29-Jul-2007 15:03:52	4	1.718	2	0	
20	6	29-Jul-2007 15:03:57	8	0.507	1	1	
20	6	29-Jul-2007 15:04:02	6	1.263	2	1	
20	6	29-Jul-2007 15:04:07	8	0.296	1	1	
20	6	29-Jul-2007 15:04:12	4	1.647	2	1	
20	6	29-Jul-2007 15:04:17	4	2.108	2	0	
20	6	29-Jul-2007 15:04:22	8	0.594	1	1	
20	6	29-Jul-2007 15:04:27	4	1.621	1	0	
12	9	29-Jul-2007 11:28:35	8	6.750	-1	0	
12	9	29-Jul-2007 11:28:43	8	2.891	1	1	
12	9	29-Jul-2007 11:28:50	6	2.983	1	0	
12	9	29-Jul-2007 11:28:54	6	0.713	1	1	
12	9	29-Jul-2007 11:29:03	8	3.830	1	0	
12	9	29-Jul-2007 11:29:08	6	1.490	-1	0	
12	9	29-Jul-2007 11:29:14	6	2.163	1	1	
12	9	29-Jul-2007 11:29:19	8	0.504	1	1	
12	9	29-Jul-2007 11:29:25	4	2.389	1	0	
12	9	29-Jul-2007 11:29:35	8	4.506	-1	0	
12	9	29-Jul-2007 11:29:44	6	5.266	1	1	
12	9	29-Jul-2007 11:29:52	8	3.502	1	0	
12	9	29-Jul-2007 11:30:02	8	5.862	2	1	
12	9	29-Jul-2007 11:30:07	4	1.498	1	0	
12	9	29-Jul-2007 11:30:13	8	1.675	2	0	
12	9	29-Jul-2007 11:30:16	4	0.401	2	0	
12	9	29-Jul-2007 11:30:21	6	0.417	1	1	
12	9	29-Jul-2007 11:30:25	8	0.141	1	1	
12	9	29-Jul-2007 11:30:31	8	1.903	2	0	
12	9	29-Jul-2007 11:30:37	4	2.164	2	0	
12	9	29-Jul-2007 11:30:41	4	0.835	1	0	
12	9	29-Jul-2007 11:30:45	6	0.294	1	1	
12	9	29-Jul-2007 11:30:50	4	1.842	1	1	
12	9	29-Jul-2007 11:30:57	8	2.549	1	1	
12	9	29-Jul-2007 11:31:11	8	9.468	2	1	
12	9	29-Jul-2007 11:31:15	4	0.198	1	0	
12	9	29-Jul-2007 11:31:20	8	0.984	1	0	
12	9	29-Jul-2007 11:31:25	6	0.960	1	1	
12	9	29-Jul-2007 11:31:30	8	0.260	1	1	
12	9	29-Jul-2007 11:31:34	4	0.917	2	0	
13	3	29-Jul-2007 12:00:15	4	37.028	1	1	
13	3	29-Jul-2007 12:00:21	6	1.990	2	1	
13	3	29-Jul-2007 12:00:27	8	1.122	1	1	
13	3	29-Jul-2007 12:00:32	6	0.998	2	1	
13	3	29-Jul-2007 12:00:37	8	1.321	2	1	
13	3	29-Jul-2007 12:00:42	6	0.627	1	1	
13	3	29-Jul-2007 12:00:46	4	0.557	2	1	
13	3	29-Jul-2007 12:00:51	8	0.627	1	1	
13	3	29-Jul-2007 12:00:55	4	0.730	1	1	
13	3	29-Jul-2007 12:00:59	6	0.416	2	1	
13	3	29-Jul-2007 12:01:03	4	0.388	1	1	
13	3	29-Jul-2007 12:01:07	6	0.542	1	1	
13	3	29-Jul-2007 12:01:11	4	0.411	1	1	
13	3	29-Jul-2007 12:01:16	8	0.392	1	1	
13	3	29-Jul-2007 12:01:19	4	0.404	2	1	
13	3	29-Jul-2007 12:01:24	8	0.567	2	1	
13	3	29-Jul-2007 12:01:28	4	0.225	2	1	
13	3	29-Jul-2007 12:01:33	8	0.438	1	1	
13	3	29-Jul-2007 12:01:36	4	0.400	2	1	
13	3	29-Jul-2007 12:01:41	8	0.462	1	1	
13	3	29-Jul-2007 12:01:45	4	0.615	1	1	
13	3	29-Jul-2007 12:01:50	8	0.720	1	1	
13	3	29-Jul-2007 12:01:54	4	0.583	2	1	
13	3	29-Jul-2007 12:01:59	6	0.776	2	1	
13	3	29-Jul-2007 12:02:03	4	0.350	1	1	
13	3	29-Jul-2007 12:02:08	8	0.824	2	1	
13	3	29-Jul-2007 12:02:17	4	5.779	2	1	
13	3	29-Jul-2007 12:02:22	6	0.876	1	1	
13	3	29-Jul-2007 12:02:27	8	0.766	2	1	
13	3	29-Jul-2007 12:02:31	6	0.452	1	1	
16	3	29-Jul-2007 14:00:32	4	1.187	2	1	
16	3	29-Jul-2007 14:00:37	8	0.821	1	1	
16	3	29-Jul-2007 14:00:41	4	0.456	2	1	
16	3	29-Jul-2007 14:00:46	8	0.464	1	1	
16	3	29-Jul-2007 14:00:50	4	0.569	1	1	
16	3	29-Jul-2007 14:00:54	6	0.674	1	1	
16	3	29-Jul-2007 14:00:58	4	0.652	2	1	
16	3	29-Jul-2007 14:01:04	6	1.239	1	1	
16	3	29-Jul-2007 14:01:09	8	0.580	2	1	
16	3	29-Jul-2007 14:01:13	6	0.619	2	1	
16	3	29-Jul-2007 14:01:17	4	1.151	1	1	
16	3	29-Jul-2007 14:01:21	6	0.159	1	1	
16	3	29-Jul-2007 14:01:26	8	0.119	1	1	
16	3	29-Jul-2007 14:01:31	6	1.146	2	1	
16	3	29-Jul-2007 14:01:36	8	0.540	1	1	
16	3	29-Jul-2007 14:01:40	6	0.446	1	1	
16	3	29-Jul-2007 14:01:44	4	0.119	2	1	
16	3	29-Jul-2007 14:01:48	6	0.151	1	1	
16	3	29-Jul-2007 14:01:52	4	1.083	2	1	
16	3	29-Jul-2007 14:01:56	6	0.538	1	1	
16	3	29-Jul-2007 14:02:00	4	0.615	1	1	
16	3	29-Jul-2007 14:02:06	8	1.399	2	1	
16	3	29-Jul-2007 14:02:11	6	0.762	2	1	
16	3	29-Jul-2007 14:02:16	8	0.302	1	1	
16	3	29-Jul-2007 14:02:20	4	0.837	2	1	
16	3	29-Jul-2007 14:02:26	6	2.172	1	1	
16	3	29-Jul-2007 14:02:31	8	0.849	2	1	
16	3	29-Jul-2007 14:02:35	4	0.268	2	1	
16	3	29-Jul-2007 14:02:40	6	1.449	1	1	
16	3	29-Jul-2007 14:02:46	8	1.438	2	1	
17	6	29-Jul-2007 14:16:46	8	2.601	2	1	
17	6	29-Jul-2007 14:16:53	8	2.002	2	1	
17	6	29-Jul-2007 14:16:59	8	1.179	1	0	
17	6	29-Jul-2007 14:17:03	4	1.080	1	1	
17	6	29-Jul-2007 14:17:12	8	4.482	2	0	
17	6	29-Jul-2007 14:17:18	8	1.805	2	1	
17	6	29-Jul-2007 14:17:23	8	0.591	1	0	
17	6	29-Jul-2007 14:17:28	6	1.639	1	1	
17	6	29-Jul-2007 14:17:34	8	1.129	1	1	
17	6	29-Jul-2007 14:17:40	8	1.345	1	1	
17	6	29-Jul-2007 14:17:44	6	0.703	2	0	
17	6	29-Jul-2007 14:17:49	4	1.362	1	1	
17	6	29-Jul-2007 14:17:53	6	0.274	2	1	
17	6	29-Jul-2007 14:17:57	4	0.249	2	1	
17	6	29-Jul-2007 14:18:01	6	0.432	1	1	
17	6	29-Jul-2007 14:18:06	4	0.941	1	0	
17	6	29-Jul-2007 14:18:10	6	0.502	1	0	
17	6	29-Jul-2007 14:18:15	8	0.466	1	1	
17	6	29-Jul-2007 14:18:22	8	3.251	1	0	
17	6	29-Jul-2007 14:18:27	6	0.282	2	1	
17	6	29-Jul-2007 14:18:32	8	0.814	2	1	
17	6	29-Jul-2007 14:18:38	6	2.036	1	1	
17	6	29-Jul-2007 14:18:45	8	2.576	1	1	
17	6	29-Jul-2007 14:18:49	4	0.981	1	0	
17	6	29-Jul-2007 14:18:54	4	1.885	2	1	
17	6	29-Jul-2007 14:18:58	6	0.252	2	0	
17	6	29-Jul-2007 14:19:03	8	0.530	2	1	
17	6	29-Jul-2007 14:19:07	4	0.903	1	1	
17	6	29-Jul-2007 14:19:12	8	0.328	1	1	
17	6	29-Jul-2007 14:19:16	6	0.330	2	1	
20	6	29-Jul-2007 15:07:55	8	0.515	1	1	
20	6	29-Jul-2007 15:07:59	4	0.427	2	1	
20	6	29-Jul-2007 15:08:04	6	0.564	2	1	
20	6	29-Jul-2007 15:08:08	6	0.505	1	1	
20	6	29-Jul-2007 15:08:12	4	0.408	1	1	
20	6	29-Jul-2007 15:08:16	6	0.245	2	1	
20	6	29-Jul-2007 15:08:20	6	0.561	2	1	
20	6	29-Jul-2007 15:08:24	6	0.219	2	1	
20	6	29-Jul-2007 15:08:29	4	0.974	1	0	
20	6	29-Jul-2007 15:08:33	6	0.218	2	1	
20	6	29-Jul-2007 15:08:38	8	0.614	2	1	
20	6	29-Jul-2007 15:08:42	6	0.381	1	1	
20	6	29-Jul-2007 15:08:47	8	0.425	2	1	
20	6	29-Jul-2007 15:08:51	4	0.693	1	1	
20	6	29-Jul-2007 15:08:55	6	0.196	2	1	
20	6	29-Jul-2007 15:08:59	4	0.404	1	1	
20	6	29-Jul-2007 15:09:02	4	0.418	2	1	
20	6	29-Jul-2007 15:09:07	6	0.653	1	1	
20	6	29-Jul-2007 15:09:11	4	0.263	2	1	
20	6	29-Jul-2007 15:09:15	4	0.928	2	1	
20	6	29-Jul-2007 15:09:20	8	0.662	2	1	
20	6	29-Jul-2007 15:09:24	4	1.058	1	1	
20	6	29-Jul-2007 15:09:28	4	0.317	1	1	
20	6	29-Jul-2007 15:09:32	4	0.754	1	1	
20	6	29-Jul-2007 15:09:36	6	0.371	1	1	
20	6	29-Jul-2007 15:09:41	8	0.383	2	1	
20	6	29-Jul-2007 15:09:45	6	0.184	2	1	
20	6	29-Jul-2007 15:09:50	8	0.147	2	1	
20	6	29-Jul-2007 15:09:53	4	0.527	2	1	
20	6	29-Jul-2007 15:09:59	8	0.678	1	1	
23	6	29-Jul-2007 15:58:59	8	1.199	1	1	
23	6	29-Jul-2007 15:59:05	8	1.613	1	1	
23	6	29-Jul-2007 15:59:10	8	0.505	1	1	
23	6	29-Jul-2007 15:59:15	8	0.498	1	1	
23	6	29-Jul-2007 15:59:20	6	1.741	2	1	
23	6	29-Jul-2007 15:59:26	4	2.445	2	0	
23	6	29-Jul-2007 15:59:31	6	1.123	1	0	
23	6	29-Jul-2007 15:59:35	4	0.611	1	1	
23	6	29-Jul-2007 15:59:42	4	3.968	1	1	
23	6	29-Jul-2007 15:59:48	8	0.964	2	1	
23	6	29-Jul-2007 15:59:52	6	0.685	1	1	
23	6	29-Jul-2007 15:59:59	8	2.294	1	1	
23	6	29-Jul-2007 16:00:07	8	3.911	2	1	
23	6	29-Jul-2007 16:00:11	4	0.855	1	1	
23	6	29-Jul-2007 16:00:16	6	1.086	2	0	
23	6	29-Jul-2007 16:00:22	8	0.868	2	1	
23	6	29-Jul-2007 16:00:27	6	1.224	1	1	
23	6	29-Jul-2007 16:00:31	4	0.994	1	0	
23	6	29-Jul-2007 16:00:35	6	0.461	1	0	
23	6	29-Jul-2007 16:00:39	4	0.550	2	0	
23	6	29-Jul-2007 16:00:43	4	0.797	1	0	
23	6	29-Jul-2007 16:00:47	4	0.616	2	0	
23	6	29-Jul-2007 16:00:52	6	0.674	1	0	
23	6	29-Jul-2007 16:00:58	8	1.874	2	1	
23	6	29-Jul-2007 16:01:03	6	0.949	1	0	
23	6	29-Jul-2007 16:01:08	8	0.204	1	1	
23	6	29-Jul-2007 16:01:13	8	1.118	2	1	
23	6	29-Jul-2007 16:01:18	6	0.566	1	1	
23	6	29-Jul-2007 16:01:21	4	0.575	2	1	
23	6	29-Jul-2007 16:01:27	6	1.645	1	0	
24	9	29-Jul-2007 16:13:19	6	3.473	2	1	
24	9	29-Jul-2007 16:13:23	4	1.046	2	0	
24	9	29-Jul-2007 16:13:28	6	1.334	2	1	
24	9	29-Jul-2007 16:13:33	8	0.411	1	1	
24	9	29-Jul-2007 16:13:38	8	0.757	1	1	
24	9	29-Jul-2007 16:13:42	4	0.700	2	1	
24	9	29-Jul-2007 16:13:49	6	2.375	2	1	
24	9	29-Jul-2007 16:13:54	8	1.012	2	1	
24	9	29-Jul-2007 16:13:59	8	0.398	1	1	
24	9	29-Jul-2007 16:14:04	6	0.997	2	1	
24	9	29-Jul-2007 16:14:08	6	0.340	1	1	
24	9	29-Jul-2007 16:14:11	4	0.340	1	1	
24	9	29-Jul-2007 16:14:15	4	0.285	1	0	
24	9	29-Jul-2007 16:14:19	4	0.493	1	1	
24	9	29-Jul-2007 16:14:23	6	0.420	1	1	
24	9	29-Jul-2007 16:14:32	4	5.320	2	0	
24	9	29-Jul-2007 16:14:36	6	0.735	1	1	
24	9	29-Jul-2007 16:14:40	4	0.765	2	0	
24	9	29-Jul-2007 16:14:45	6	0.486	2	1	
24	9	29-Jul-2007 16:14:50	8	0.619	2	1	
24	9	29-Jul-2007 16:15:00	8	5.344	1	0	
24	9	29-Jul-2007 16:15:05	8	0.676	1	1	
24	9	29-Jul-2007 16:15:12	4	4.030	2	0	
24	9	29-Jul-2007 16:15:17	8	0.459	1	1	
24	9	29-Jul-2007 16:15:21	4	0.452	1	1	
24	9	29-Jul-2007 16:15:26	6	1.440	1	1	
24	9	29-Jul-2007 16:15:32	8	1.770	2	1	
24	9	29-Jul-2007 16:15:37	8	0.456	1	1	
24	9	29-Jul-2007 16:15:41	4	0.659	2	0	
24	9	29-Jul-2007 16:15:45	6	0.513	1	1	
25	3	29-Jul-2007 16:37:38	8	5.049	1	0	
25	3	29-Jul-2007 16:37:44	4	3.055	2	1	
25	3	29-Jul-2007 16:37:49	6	1.412	2	1	
25	3	29-Jul-2007 16:37:55	8	0.849	1	1	
25	3	29-Jul-2007 16:38:00	6	1.066	2	1	
25	3	29-Jul-2007 16:38:04	4	0.605	2	1	
25	3	29-Jul-2007 16:38:08	8	0.553	1	1	
25	3	29-Jul-2007 16:38:12	4	0.293	2	1	
25	3	29-Jul-2007 16:38:17	8	0.478	2	1	
25	3	29-Jul-2007 16:38:21	4	0.855	2	1	
25	3	29-Jul-2007 16:38:25	6	0.365	2	1	
25	3	29-Jul-2007 16:38:30	8	0.347	2	1	
25	3	29-Jul-2007 16:38:34	6	0.387	1	1	
25	3	29-Jul-2007 16:38:38	4	0.384	1	1	
25	3	29-Jul-2007 16:38:43	8	0.384	2	1	
25	3	29-Jul-2007 16:38:46	4	0.328	1	1	
25	3	29-Jul-2007 16:38:51	6	0.870	2	1	
25	3	29-Jul-2007 16:38:56	8	0.222	1	1	
25	3	29-Jul-2007 16:38:59	4	0.183	2	1	
25	3	29-Jul-2007 16:39:03	6	0.408	1	1	
25	3	29-Jul-2007 16:39:08	8	0.317	2	1	
25	3	29-Jul-2007 16:39:12	4	0.860	1	1	
25	3	29-Jul-2007 16:39:16	6	0.292	1	1	
25	3	29-Jul-2007 16:39:20	4	0.178	2	1	
25	3	29-Jul-2007 16:39:26	8	1.209	2	1	
25	3	29-Jul-2007 16:39:29	4	0.215	2	1	
25	3	29-Jul-2007 16:39:34	8	0.966	2	1	
25	3	29-Jul-2007 16:39:39	6	0.306	1	1	
25	3	29-Jul-2007 16:39:43	8	0.508	2	1	
25	3	29-Jul-2007 16:39:47	4	0.224	1	1	
26	6	29-Jul-2007 16:51:39	6	1.500	1	1	
26	6	29-Jul-2007 16:51:44	4	1.578	1	1	
26	6	29-Jul-2007 16:51:50	6	1.403	1	1	
26	6	29-Jul-2007 16:51:55	4	1.745	1	1	
26	6	29-Jul-2007 16:52:01	6	2.667	2	0	
26	6	29-Jul-2007 16:52:06	8	0.898	1	1	
26	6	29-Jul-2007 16:52:12	8	1.049	2	1	
26	6	29-Jul-2007 16:52:20	6	3.719	2	1	
26	6	29-Jul-2007 16:52:24	8	0.247	1	1	
26	6	29-Jul-2007 16:52:31	4	3.681	2	1	
26	6	29-Jul-2007 16:52:36	8	0.343	1	1	
26	6	29-Jul-2007 16:52:40	4	0.520	2	1	
26	6	29-Jul-2007 16:52:45	8	0.509	1	1	
26	6	29-Jul-2007 16:52:48	4	0.133	1	1	
26	6	29-Jul-2007 16:52:52	6	0.203	2	1	
26	6	29-Jul-2007 16:52:57	4	0.801	1	0	
26	6	29-Jul-2007 16:53:01	8	0.038	2	1	
26	6	29-Jul-2007 16:53:05	6	0.676	1	1	
26	6	29-Jul-2007 16:53:10	8	0.363	2	1	
26	6	29-Jul-2007 16:53:16	6	2.052	1	0	
26	6	29-Jul-2007 16:53:20	6	0.334	1	1	
26	6	29-Jul-2007 16:53:26	6	1.972	2	1	
26	6	29-Jul-2007 16:53:32	8	1.129	2	1	
26	6	29-Jul-2007 16:53:35	4	0.254	2	0	
26	6	29-Jul-2007 16:53:40	4	1.937	2	0	
26	6	29-Jul-2007 16:53:45	6	0.331	1	0	
26	6	29-Jul-2007 16:53:50	8	0.587	1	1	
26	6	29-Jul-2007 16:53:54	8	0.289	2	1	
26	6	29-Jul-2007 16:53:59	8	0.728	2	0	
26	6	29-Jul-2007 16:54:03	6	0.138	2	1	
27	9	22-Sep-2007 11:59:53	8	1.721	1	1	
27	9	22-Sep-2007 11:59:59	6	1.596	1	1	
27	9	22-Sep-2007 12:00:05	4	3.031	2	0	
27	9	22-Sep-2007 12:00:10	6	1.246	1	1	
27	9	22-Sep-2007 12:00:15	8	0.863	2	1	
27	9	22-Sep-2007 12:00:20	8	0.637	1	1	
27	9	22-Sep-2007 12:00:25	4	1.721	2	0	
27	9	22-Sep-2007 12:00:31	8	1.536	1	0	
27	9	22-Sep-2007 12:00:36	4	1.272	2	1	
27	9	22-Sep-2007 12:00:40	6	0.565	1	1	
27	9	22-Sep-2007 12:00:46	8	0.842	2	0	
27	9	22-Sep-2007 12:00:51	4	1.810	1	1	
27	9	22-Sep-2007 12:00:56	6	0.961	1	0	
27	9	22-Sep-2007 12:01:00	6	0.930	1	0	
27	9	22-Sep-2007 12:01:05	6	0.525	2	1	
27	9	22-Sep-2007 12:01:10	6	1.078	2	0	
27	9	22-Sep-2007 12:01:15	8	0.934	1	1	
27	9	22-Sep-2007 12:01:20	6	1.008	1	0	
27	9	22-Sep-2007 12:01:26	8	1.819	1	1	
27	9	22-Sep-2007 12:01:32	8	1.327	2	1	
27	9	22-Sep-2007 12:01:38	6	2.616	1	0	
27	9	22-Sep-2007 12:01:44	8	1.036	1	1	
27	9	22-Sep-2007 12:01:49	8	0.830	1	1	
27	9	22-Sep-2007 12:01:55	8	1.169	1	1	
27	9	22-Sep-2007 12:02:02	8	2.708	1	1	
27	9	22-Sep-2007 12:02:06	6	0.517	2	1	
27	9	22-Sep-2007 12:02:15	4	5.325	1	0	
27	9	22-Sep-2007 12:02:19	4	1.355	1	0	
27	9	22-Sep-2007 12:02:25	8	0.761	2	1	
27	9	22-Sep-2007 12:02:30	4	2.350	2	0	
34	3	23-Sep-2007 10:53:15	4	4.195	2	1	
34	3	23-Sep-2007 10:53:22	8	2.726	1	1	
34	3	23-Sep-2007 10:53:29	4	4.045	2	1	
34	3	23-Sep-2007 10:53:36	8	1.880	1	1	
34	3	23-Sep-2007 10:53:41	4	2.267	1	1	
34	3	23-Sep-2007 10:53:46	6	1.118	1	1	
34	3	23-Sep-2007 10:53:51	4	0.861	2	1	
34	3	23-Sep-2007 10:53:56	6	1.332	1	1	
34	3	23-Sep-2007 10:54:01	8	1.154	1	0	
34	3	23-Sep-2007 10:54:08	6	3.180	2	1	
34	3	23-Sep-2007 10:54:20	4	7.777	1	1	
34	3	23-Sep-2007 10:54:24	6	1.062	1	1	
34	3	23-Sep-2007 10:54:30	8	1.198	1	1	
34	3	23-Sep-2007 10:54:35	6	0.939	2	1	
34	3	23-Sep-2007 10:54:42	8	3.043	1	1	
34	3	23-Sep-2007 10:54:47	6	0.449	1	1	
34	3	23-Sep-2007 10:54:51	4	1.572	2	1	
34	3	23-Sep-2007 10:54:57	6	1.196	1	1	
34	3	23-Sep-2007 10:55:04	4	3.665	2	1	
34	3	23-Sep-2007 10:55:09	6	1.134	1	1	
34	3	23-Sep-2007 10:55:12	4	0.395	1	1	
34	3	23-Sep-2007 10:55:19	8	1.942	1	0	
34	3	23-Sep-2007 10:55:23	6	0.669	2	1	
34	3	23-Sep-2007 10:55:35	8	7.467	1	1	
34	3	23-Sep-2007 10:55:39	4	0.750	2	1	
34	3	23-Sep-2007 10:55:43	6	0.374	1	1	
34	3	23-Sep-2007 10:55:49	8	1.306	1	0	
34	3	23-Sep-2007 10:55:53	4	0.292	2	1	
34	3	23-Sep-2007 10:56:01	6	3.979	1	1	
34	3	23-Sep-2007 10:56:11	8	5.748	1	0	
37	9	23-Sep-2007 11:42:17	8	2.478	1	1	
37	9	23-Sep-2007 11:42:22	6	0.710	1	1	
37	9	23-Sep-2007 11:42:26	6	0.505	2	1	
37	9	23-Sep-2007 11:42:31	6	1.033	2	1	
37	9	23-Sep-2007 11:42:36	8	0.659	2	1	
37	9	23-Sep-2007 11:42:40	4	0.941	2	0	
37	9	23-Sep-2007 11:42:46	8	1.612	2	1	
37	9	23-Sep-2007 11:42:51	4	1.072	2	0	
37	9	23-Sep-2007 11:42:56	8	0.292	1	0	
37	9	23-Sep-2007 11:43:00	4	0.718	2	1	
37	9	23-Sep-2007 11:43:04	6	0.764	2	1	
37	9	23-Sep-2007 11:43:09	6	0.515	1	1	
37	9	23-Sep-2007 11:43:14	8	0.590	2	0	
37	9	23-Sep-2007 11:43:18	4	0.463	2	0	
37	9	23-Sep-2007 11:43:22	4	1.567	2	0	
37	9	23-Sep-2007 11:43:29	8	2.035	2	1	
37	9	23-Sep-2007 11:43:34	8	0.847	1	0	
37	9	23-Sep-2007 11:43:39	6	0.927	2	1	
37	9	23-Sep-2007 11:43:47	8	3.746	1	0	
37	9	23-Sep-2007 11:43:51	4	0.471	2	0	
37	9	23-Sep-2007 11:43:56	8	0.567	2	0	
37	9	23-Sep-2007 11:44:00	4	0.366	2	0	
37	9	23-Sep-2007 11:44:06	8	1.971	2	0	
37	9	23-Sep-2007 11:44:14	6	4.389	2	0	
37	9	23-Sep-2007 11:44:19	8	0.730	2	0	
37	9	23-Sep-2007 11:44:24	6	0.468	1	1	
37	9	23-Sep-2007 11:44:29	4	1.791	2	1	
37	9	23-Sep-2007 11:44:33	6	0.617	2	1	
37	9	23-Sep-2007 11:44:39	6	1.664	1	1	
37	9	23-Sep-2007 11:44:43	4	1.002	2	1	
28	3	22-Sep-2007 15:17:24	6	0.517	1	1	
28	3	22-Sep-2007 15:17:28	4	0.752	2	1	
28	3	22-Sep-2007 15:17:33	8	0.395	2	1	
28	3	22-Sep-2007 15:17:37	4	0.583	1	1	
28	3	22-Sep-2007 15:17:42	8	0.427	1	1	
28	3	22-Sep-2007 15:17:47	4	1.174	1	0	
28	3	22-Sep-2007 15:17:52	8	0.736	2	1	
28	3	22-Sep-2007 15:17:56	4	0.686	2	1	
28	3	22-Sep-2007 15:18:02	8	0.989	2	1	
28	3	22-Sep-2007 15:18:07	4	1.696	1	1	
28	3	22-Sep-2007 15:18:12	8	0.294	1	1	
28	3	22-Sep-2007 15:18:18	4	2.822	2	0	
28	3	22-Sep-2007 15:18:25	6	3.045	1	1	
28	3	22-Sep-2007 15:18:29	4	0.444	2	1	
28	3	22-Sep-2007 15:18:35	8	0.806	2	1	
28	3	22-Sep-2007 15:18:40	4	2.320	2	0	
28	3	22-Sep-2007 15:18:49	6	4.644	1	1	
28	3	22-Sep-2007 15:18:54	8	0.267	1	1	
28	3	22-Sep-2007 15:18:58	6	0.502	2	0	
28	3	22-Sep-2007 15:19:02	4	0.587	1	0	
28	3	22-Sep-2007 15:19:07	6	0.552	2	1	
28	3	22-Sep-2007 15:19:13	8	1.724	1	1	
28	3	22-Sep-2007 15:19:18	6	1.258	2	0	
28	3	22-Sep-2007 15:19:23	8	0.289	1	1	
28	3	22-Sep-2007 15:19:27	4	0.883	1	1	
28	3	22-Sep-2007 15:19:32	6	0.819	2	1	
28	3	22-Sep-2007 15:19:36	4	0.686	2	1	
28	3	22-Sep-2007 15:19:48	8	6.749	1	1	
28	3	22-Sep-2007 15:19:51	4	0.361	2	1	
28	3	22-Sep-2007 15:19:56	8	0.336	1	1	
31	3	22-Sep-2007 15:52:18	8	6.130	-1	0	
31	3	22-Sep-2007 15:52:23	4	0.924	-1	0	
31	3	22-Sep-2007 15:52:29	6	1.765	-1	0	
31	3	22-Sep-2007 15:52:34	8	0.558	2	0	
31	3	22-Sep-2007 15:52:38	6	0.609	1	1	
31	3	22-Sep-2007 15:52:46	8	3.506	2	1	
31	3	22-Sep-2007 15:52:51	6	0.659	2	1	
31	3	22-Sep-2007 15:52:55	4	0.644	2	1	
31	3	22-Sep-2007 15:53:02	8	2.613	1	0	
31	3	22-Sep-2007 15:53:07	6	0.926	2	1	
31	3	22-Sep-2007 15:53:16	8	4.114	1	0	
31	3	22-Sep-2007 15:53:20	6	0.587	1	1	
31	3	22-Sep-2007 15:53:25	4	0.896	1	1	
31	3	22-Sep-2007 15:53:30	6	1.808	1	1	
31	3	22-Sep-2007 15:53:35	4	1.231	2	1	
31	3	22-Sep-2007 15:53:40	6	0.740	1	1	
31	3	22-Sep-2007 15:53:44	4	1.169	2	1	
31	3	22-Sep-2007 15:53:49	6	0.597	1	1	
31	3	22-Sep-2007 15:53:54	8	0.761	2	0	
31	3	22-Sep-2007 15:53:58	4	0.278	2	1	
31	3	22-Sep-2007 15:54:02	6	0.386	2	1	
31	3	22-Sep-2007 15:54:08	8	1.773	1	0	
31	3	22-Sep-2007 15:54:13	6	0.264	1	1	
31	3	22-Sep-2007 15:54:17	4	0.777	1	0	
31	3	22-Sep-2007 15:54:23	8	1.296	2	1	
31	3	22-Sep-2007 15:54:28	6	0.913	2	1	
31	3	22-Sep-2007 15:54:32	8	0.294	2	0	
31	3	22-Sep-2007 15:54:37	6	0.192	1	1	
31	3	22-Sep-2007 15:54:41	4	1.250	2	1	
31	3	22-Sep-2007 15:54:47	6	1.349	2	1	
32	6	22-Sep-2007 16:14:22	4	1.009	2	1	
32	6	22-Sep-2007 16:14:27	6	0.444	1	1	
32	6	22-Sep-2007 16:14:31	6	0.637	1	1	
32	6	22-Sep-2007 16:14:37	8	0.959	1	1	
32	6	22-Sep-2007 16:14:41	4	0.516	2	1	
32	6	22-Sep-2007 16:14:46	8	0.442	1	1	
32	6	22-Sep-2007 16:14:49	4	0.436	2	1	
32	6	22-Sep-2007 16:14:54	8	0.383	1	1	
32	6	22-Sep-2007 16:14:59	6	0.805	2	0	
32	6	22-Sep-2007 16:15:05	8	0.943	2	1	
32	6	22-Sep-2007 16:15:08	4	0.341	1	1	
32	6	22-Sep-2007 16:15:13	8	0.578	2	1	
32	6	22-Sep-2007 16:15:18	6	0.547	2	1	
32	6	22-Sep-2007 16:15:23	8	0.390	1	1	
32	6	22-Sep-2007 16:15:27	6	0.382	1	1	
32	6	22-Sep-2007 16:15:32	8	0.345	2	1	
32	6	22-Sep-2007 16:15:36	4	0.552	1	1	
32	6	22-Sep-2007 16:15:40	4	0.619	2	1	
32	6	22-Sep-2007 16:15:45	8	0.411	2	1	
32	6	22-Sep-2007 16:15:50	4	0.936	1	1	
32	6	22-Sep-2007 16:15:54	8	0.319	1	1	
32	6	22-Sep-2007 16:16:00	8	0.747	2	1	
32	6	22-Sep-2007 16:16:04	6	0.659	1	1	
32	6	22-Sep-2007 16:16:09	8	0.310	1	1	
32	6	22-Sep-2007 16:16:14	6	0.494	1	1	
32	6	22-Sep-2007 16:16:17	4	0.452	1	1	
32	6	22-Sep-2007 16:16:22	8	0.381	1	1	
32	6	22-Sep-2007 16:16:26	4	0.314	1	1	
32	6	22-Sep-2007 16:16:31	6	0.691	1	0	
32	6	22-Sep-2007 16:16:35	4	0.642	2	1	
33	9	22-Sep-2007 16:28:00	6	1.371	2	1	
33	9	22-Sep-2007 16:28:05	6	0.629	2	1	
33	9	22-Sep-2007 16:28:09	4	0.966	2	0	
33	9	22-Sep-2007 16:28:14	6	0.724	1	1	
33	9	22-Sep-2007 16:28:18	6	0.830	2	1	
33	9	22-Sep-2007 16:28:22	4	0.647	1	0	
33	9	22-Sep-2007 16:28:27	6	0.641	1	1	
33	9	22-Sep-2007 16:28:33	8	1.653	1	1	
33	9	22-Sep-2007 16:28:38	4	1.706	2	0	
33	9	22-Sep-2007 16:28:43	4	0.958	2	1	
33	9	22-Sep-2007 16:28:47	4	1.042	1	1	
33	9	22-Sep-2007 16:28:54	8	1.907	1	0	
33	9	22-Sep-2007 16:28:59	4	1.582	1	0	
33	9	22-Sep-2007 16:29:03	6	0.738	2	1	
33	9	22-Sep-2007 16:29:08	8	0.655	2	1	
33	9	22-Sep-2007 16:29:13	8	0.145	2	1	
33	9	22-Sep-2007 16:29:18	6	1.246	2	0	
33	9	22-Sep-2007 16:29:23	8	0.502	1	1	
33	9	22-Sep-2007 16:29:28	4	1.551	1	0	
33	9	22-Sep-2007 16:29:34	8	0.600	1	1	
33	9	22-Sep-2007 16:29:39	4	1.660	2	1	
33	9	22-Sep-2007 16:29:43	6	0.413	2	1	
33	9	22-Sep-2007 16:29:47	6	0.145	1	1	
33	9	22-Sep-2007 16:29:52	6	0.544	1	1	
33	9	22-Sep-2007 16:29:56	4	1.363	2	1	
33	9	22-Sep-2007 16:30:02	8	1.350	1	1	
33	9	22-Sep-2007 16:30:07	8	0.393	2	1	
33	9	22-Sep-2007 16:30:11	4	0.150	2	0	
33	9	22-Sep-2007 16:30:15	4	0.508	2	0	
33	9	22-Sep-2007 16:30:20	8	0.294	2	1	
36	6	23-Sep-2007 11:46:05	4	2.250	1	1	
36	6	23-Sep-2007 11:46:12	6	2.396	1	1	
36	6	23-Sep-2007 11:46:18	4	2.868	1	1	
36	6	23-Sep-2007 11:46:25	4	4.087	1	1	
36	6	23-Sep-2007 11:46:35	8	4.693	2	0	
36	6	23-Sep-2007 11:46:39	6	0.899	1	1	
36	6	23-Sep-2007 11:46:49	8	4.778	1	0	
36	6	23-Sep-2007 11:46:55	4	2.907	2	1	
36	6	23-Sep-2007 11:47:00	6	0.854	2	1	
36	6	23-Sep-2007 11:47:06	8	1.261	1	1	
36	6	23-Sep-2007 11:47:12	6	1.936	2	1	
36	6	23-Sep-2007 11:47:19	4	3.849	2	0	
36	6	23-Sep-2007 11:47:23	4	0.611	1	1	
36	6	23-Sep-2007 11:47:29	8	1.654	1	1	
36	6	23-Sep-2007 11:47:36	8	2.172	1	0	
36	6	23-Sep-2007 11:47:43	8	2.588	1	1	
36	6	23-Sep-2007 11:47:54	8	6.698	1	0	
36	6	23-Sep-2007 11:48:00	6	2.291	1	0	
36	6	23-Sep-2007 11:48:09	8	4.093	1	1	
36	6	23-Sep-2007 11:48:14	4	1.979	1	1	
36	6	23-Sep-2007 11:48:19	6	0.577	1	1	
36	6	23-Sep-2007 11:48:23	4	0.880	2	1	
36	6	23-Sep-2007 11:48:30	4	3.419	1	1	
36	6	23-Sep-2007 11:48:36	8	0.724	1	1	
36	6	23-Sep-2007 11:48:45	6	5.421	1	0	
36	6	23-Sep-2007 11:48:54	8	4.241	2	0	
36	6	23-Sep-2007 11:48:58	4	0.633	2	1	
36	6	23-Sep-2007 11:49:02	4	1.113	1	1	
36	6	23-Sep-2007 11:49:12	8	4.888	1	1	
36	6	23-Sep-2007 11:49:17	4	2.178	2	1	
30	9	22-Sep-2007 15:39:35	4	0.142	1	1	
30	9	22-Sep-2007 15:39:40	6	0.426	2	1	
30	9	22-Sep-2007 15:39:44	6	0.209	1	1	
30	9	22-Sep-2007 15:39:48	6	0.287	1	1	
30	9	22-Sep-2007 15:39:53	8	0.048	1	0	
30	9	22-Sep-2007 15:39:57	6	0.262	2	1	
30	9	22-Sep-2007 15:40:02	8	0.008	1	1	
30	9	22-Sep-2007 15:40:07	8	0.248	1	0	
30	9	22-Sep-2007 15:40:10	4	0.248	1	1	
30	9	22-Sep-2007 15:40:14	4	0.234	2	0	
30	9	22-Sep-2007 15:40:18	4	0.333	2	1	
30	9	22-Sep-2007 15:40:22	6	0.391	1	0	
30	9	22-Sep-2007 15:40:27	6	0.590	1	1	
30	9	22-Sep-2007 15:40:32	8	0.420	1	0	
30	9	22-Sep-2007 15:40:36	4	0.270	1	1	
30	9	22-Sep-2007 15:40:39	4	0.369	1	1	
30	9	22-Sep-2007 15:40:58	8	13.967	1	1	
30	9	22-Sep-2007 15:41:04	8	1.783	1	1	
30	9	22-Sep-2007 15:41:08	4	0.424	1	0	
30	9	22-Sep-2007 15:41:13	4	1.266	1	1	
30	9	22-Sep-2007 15:41:18	8	0.219	1	1	
30	9	22-Sep-2007 15:41:21	4	0.143	1	1	
30	9	22-Sep-2007 15:41:26	6	0.320	1	1	
30	9	22-Sep-2007 15:41:31	8	0.337	1	0	
30	9	22-Sep-2007 15:41:34	4	0.272	1	1	
30	9	22-Sep-2007 15:41:38	4	0.290	1	1	
30	9	22-Sep-2007 15:41:42	4	0.291	1	1	
30	9	22-Sep-2007 15:41:46	4	0.357	1	0	
30	9	22-Sep-2007 15:41:51	8	1.333	2	0	
30	9	22-Sep-2007 15:41:56	6	0.164	2	0	
36	6	23-Sep-2007 11:00:32	6	0.824	2	1	
36	6	23-Sep-2007 11:00:38	8	0.807	2	0	
36	6	23-Sep-2007 11:00:42	6	0.413	2	1	
36	6	23-Sep-2007 11:00:47	8	0.793	2	1	
36	6	23-Sep-2007 11:00:52	4	1.701	2	0	
36	6	23-Sep-2007 11:00:57	6	0.547	1	1	
36	6	23-Sep-2007 11:01:02	6	0.692	1	1	
36	6	23-Sep-2007 11:01:06	6	0.638	1	1	
36	6	23-Sep-2007 11:01:11	8	0.448	2	1	
36	6	23-Sep-2007 11:01:17	6	1.572	2	1	
36	6	23-Sep-2007 11:01:21	6	0.473	2	1	
36	6	23-Sep-2007 11:01:26	4	1.632	2	1	
36	6	23-Sep-2007 11:01:31	8	0.601	1	1	
36	6	23-Sep-2007 11:01:37	8	0.463	1	1	
36	6	23-Sep-2007 11:01:41	6	0.738	2	1	
36	6	23-Sep-2007 11:01:46	4	1.328	1	1	
36	6	23-Sep-2007 11:01:51	8	0.405	1	1	
36	6	23-Sep-2007 11:01:56	4	1.744	1	1	
36	6	23-Sep-2007 11:02:01	8	0.083	2	1	
36	6	23-Sep-2007 11:02:05	4	1.004	1	1	
36	6	23-Sep-2007 11:02:11	8	0.783	2	1	
36	6	23-Sep-2007 11:02:15	6	0.535	1	1	
36	6	23-Sep-2007 11:02:19	4	0.604	2	1	
36	6	23-Sep-2007 11:02:24	6	0.440	1	1	
36	6	23-Sep-2007 11:02:30	8	1.732	2	1	
36	6	23-Sep-2007 11:02:34	4	0.838	1	1	
36	6	23-Sep-2007 11:02:39	6	0.411	1	1	
36	6	23-Sep-2007 11:02:46	8	3.144	2	0	
36	6	23-Sep-2007 11:02:52	6	0.817	2	1	
36	6	23-Sep-2007 11:02:57	8	1.021	1	1	
29	6	22-Sep-2007 12:23:05	6	1.385	2	1	
29	6	22-Sep-2007 12:23:10	4	0.571	1	1	
29	6	22-Sep-2007 12:23:15	8	0.646	2	1	
29	6	22-Sep-2007 12:23:20	8	0.374	1	1	
29	6	22-Sep-2007 12:23:26	8	0.507	2	1	
29	6	22-Sep-2007 12:23:30	4	0.906	1	1	
29	6	22-Sep-2007 12:23:36	8	0.976	1	1	
29	6	22-Sep-2007 12:23:40	4	0.557	2	1	
29	6	22-Sep-2007 12:23:45	6	0.677	1	1	
29	6	22-Sep-2007 12:23:50	6	0.490	2	1	
29	6	22-Sep-2007 12:23:55	8	0.624	2	1	
29	6	22-Sep-2007 12:24:00	4	0.450	1	1	
29	6	22-Sep-2007 12:24:04	6	0.399	2	0	
29	6	22-Sep-2007 12:24:08	4	0.456	1	1	
29	6	22-Sep-2007 12:24:13	4	0.696	2	1	
29	6	22-Sep-2007 12:24:17	6	0.363	1	1	
29	6	22-Sep-2007 12:24:22	4	0.343	2	1	
29	6	22-Sep-2007 12:24:26	6	0.392	2	1	
29	6	22-Sep-2007 12:24:31	8	0.396	1	0	
29	6	22-Sep-2007 12:24:36	6	0.418	2	1	
29	6	22-Sep-2007 12:24:40	4	0.563	1	1	
29	6	22-Sep-2007 12:24:45	6	0.371	2	0	
29	6	22-Sep-2007 12:24:50	4	1.276	2	1	
29	6	22-Sep-2007 12:24:55	6	0.385	1	0	
29	6	22-Sep-2007 12:24:59	4	0.532	2	0	
29	6	22-Sep-2007 12:25:05	8	1.035	1	1	
29	6	22-Sep-2007 12:25:10	6	0.414	1	0	
29	6	22-Sep-2007 12:25:15	8	0.299	1	1	
29	6	22-Sep-2007 12:25:21	8	1.169	2	1	
29	6	22-Sep-2007 12:25:25	6	0.466	2	0	
39	3	11-Nov-2007 12:08:24	8	4.942	-1	0	
39	3	11-Nov-2007 12:08:29	4	0.976	-1	0	
39	3	11-Nov-2007 12:08:36	8	1.984	-1	0	
39	3	11-Nov-2007 12:08:43	6	3.510	1	1	
39	3	11-Nov-2007 12:08:51	8	4.021	1	0	
39	3	11-Nov-2007 12:08:57	4	2.180	1	0	
39	3	11-Nov-2007 12:09:02	6	0.651	1	1	
39	3	11-Nov-2007 12:09:07	8	1.028	2	1	
39	3	11-Nov-2007 12:09:12	6	0.746	2	1	
39	3	11-Nov-2007 12:09:18	8	2.005	1	1	
39	3	11-Nov-2007 12:09:24	4	2.624	2	1	
39	3	11-Nov-2007 12:09:29	6	1.115	2	1	
39	3	11-Nov-2007 12:09:35	8	1.146	2	1	
39	3	11-Nov-2007 12:09:41	4	2.620	1	0	
39	3	11-Nov-2007 12:09:45	6	0.320	2	1	
39	3	11-Nov-2007 12:09:53	8	3.751	1	1	
39	3	11-Nov-2007 12:09:57	6	0.435	2	1	
39	3	11-Nov-2007 12:10:04	4	3.800	1	1	
39	3	11-Nov-2007 12:10:09	6	0.330	2	1	
39	3	11-Nov-2007 12:10:12	4	0.336	2	1	
39	3	11-Nov-2007 12:10:18	6	1.275	2	1	
39	3	11-Nov-2007 12:10:24	8	1.657	2	1	
39	3	11-Nov-2007 12:10:28	6	0.723	2	1	
39	3	11-Nov-2007 12:10:33	8	0.810	2	1	
39	3	11-Nov-2007 12:10:38	6	0.947	2	1	
39	3	11-Nov-2007 12:10:42	4	0.326	2	1	
39	3	11-Nov-2007 12:10:47	8	0.927	1	1	
39	3	11-Nov-2007 12:10:51	4	0.764	1	1	
39	3	11-Nov-2007 12:10:56	6	0.715	2	1	
39	3	11-Nov-2007 12:11:03	8	2.295	2	1	
40	4	11-Nov-2007 12:32:42	4	1.578	1	0	
40	4	11-Nov-2007 12:32:48	4	1.533	2	1	
40	4	11-Nov-2007 12:32:53	4	1.575	1	0	
40	4	11-Nov-2007 12:32:58	8	1.177	1	1	
40	4	11-Nov-2007 12:33:03	4	1.120	2	1	
40	4	11-Nov-2007 12:33:07	6	0.909	1	1	
40	4	11-Nov-2007 12:33:12	4	0.756	1	1	
40	4	11-Nov-2007 12:33:17	4	1.968	1	1	
40	4	11-Nov-2007 12:33:22	6	0.891	2	1	
40	4	11-Nov-2007 12:33:28	8	1.902	2	1	
40	4	11-Nov-2007 12:33:33	6	0.712	1	1	
40	4	11-Nov-2007 12:33:39	4	2.382	2	1	
40	4	11-Nov-2007 12:33:43	6	0.690	1	1	
40	4	11-Nov-2007 12:33:48	8	0.657	2	1	
40	4	11-Nov-2007 12:33:53	6	1.225	1	1	
40	4	11-Nov-2007 12:33:58	4	1.648	1	0	
40	4	11-Nov-2007 12:34:03	6	0.934	2	1	
40	4	11-Nov-2007 12:34:09	8	1.153	2	1	
40	4	11-Nov-2007 12:34:14	4	2.061	2	1	
40	4	11-Nov-2007 12:34:18	4	0.896	1	0	
40	4	11-Nov-2007 12:34:23	6	0.971	2	1	
40	4	11-Nov-2007 12:34:31	4	4.584	2	0	
40	4	11-Nov-2007 12:34:36	6	0.626	2	1	
40	4	11-Nov-2007 12:34:40	4	0.906	2	0	
40	4	11-Nov-2007 12:34:45	6	1.175	1	1	
40	4	11-Nov-2007 12:34:52	4	3.075	2	0	
40	4	11-Nov-2007 12:34:59	6	3.135	1	1	
40	4	11-Nov-2007 12:35:04	4	2.376	2	1	
40	4	11-Nov-2007 12:35:10	6	2.052	1	1	
40	4	11-Nov-2007 12:35:15	4	1.316	2	1	
41	4	11-Nov-2007 13:12:11	6	1.615	2	1	
41	4	11-Nov-2007 13:12:17	4	1.868	1	1	
41	4	11-Nov-2007 13:12:22	6	1.066	1	1	
41	4	11-Nov-2007 13:12:27	8	1.101	1	1	
41	4	11-Nov-2007 13:12:32	4	1.381	1	1	
41	4	11-Nov-2007 13:12:36	4	0.779	2	1	
41	4	11-Nov-2007 13:12:42	8	1.611	2	1	
41	4	11-Nov-2007 13:12:46	4	0.365	1	1	
41	4	11-Nov-2007 13:12:50	4	1.098	1	1	
41	4	11-Nov-2007 13:12:55	6	0.497	1	1	
41	4	11-Nov-2007 13:12:59	4	1.038	1	1	
41	4	11-Nov-2007 13:13:03	6	0.329	2	1	
41	4	11-Nov-2007 13:13:08	8	0.431	1	1	
41	4	11-Nov-2007 13:13:12	4	0.258	1	1	
41	4	11-Nov-2007 13:13:17	8	0.460	2	1	
41	4	11-Nov-2007 13:13:21	6	0.237	1	1	
41	4	11-Nov-2007 13:13:24	4	0.257	1	1	
41	4	11-Nov-2007 13:13:28	4	0.235	2	1	
41	4	11-Nov-2007 13:13:32	6	0.189	2	1	
41	4	11-Nov-2007 13:13:36	4	0.172	1	1	
41	4	11-Nov-2007 13:13:40	4	1.004	2	1	
41	4	11-Nov-2007 13:13:44	4	0.196	1	1	
41	4	11-Nov-2007 13:13:48	8	0.192	1	1	
41	4	11-Nov-2007 13:13:52	4	0.461	2	1	
41	4	11-Nov-2007 13:13:56	6	0.156	1	1	
41	4	11-Nov-2007 13:14:00	4	0.149	2	1	
41	4	11-Nov-2007 13:14:04	8	0.292	1	1	
41	4	11-Nov-2007 13:14:08	6	0.087	2	1	
41	4	11-Nov-2007 13:14:12	4	0.048	2	1	
41	4	11-Nov-2007 13:14:15	4	0.241	2	1	
38	3	11-Nov-2007 12:00:21	6	0.678	2	1	
38	3	11-Nov-2007 12:00:27	8	1.593	2	1	
38	3	11-Nov-2007 12:00:31	4	0.364	2	1	
38	3	11-Nov-2007 12:00:35	8	0.402	2	1	
38	3	11-Nov-2007 12:00:40	6	0.561	2	1	
38	3	11-Nov-2007 12:00:45	8	0.557	2	1	
38	3	11-Nov-2007 12:00:49	6	0.370	1	0	
38	3	11-Nov-2007 12:00:54	8	0.313	2	1	
38	3	11-Nov-2007 12:00:58	6	0.505	1	1	
38	3	11-Nov-2007 12:01:03	8	0.354	2	0	
38	3	11-Nov-2007 12:01:07	4	0.401	1	1	
38	3	11-Nov-2007 12:01:12	8	1.364	1	1	
38	3	11-Nov-2007 12:01:16	4	0.213	2	1	
38	3	11-Nov-2007 12:01:21	8	0.581	1	1	
38	3	11-Nov-2007 12:01:25	4	0.543	1	1	
38	3	11-Nov-2007 12:01:29	6	0.625	1	0	
38	3	11-Nov-2007 12:01:34	8	0.387	2	1	
38	3	11-Nov-2007 12:01:38	4	0.404	2	1	
38	3	11-Nov-2007 12:01:42	6	0.411	1	1	
38	3	11-Nov-2007 12:01:47	8	0.506	2	1	
38	3	11-Nov-2007 12:01:51	6	0.447	1	0	
38	3	11-Nov-2007 12:01:56	8	0.295	2	1	
38	3	11-Nov-2007 12:02:01	6	0.807	2	1	
38	3	11-Nov-2007 12:02:05	8	0.492	1	1	
38	3	11-Nov-2007 12:02:09	4	0.234	1	1	
38	3	11-Nov-2007 12:02:13	6	0.370	1	1	
38	3	11-Nov-2007 12:02:17	4	0.395	1	1	
38	3	11-Nov-2007 12:02:22	8	0.395	2	0	
38	3	11-Nov-2007 12:02:26	6	0.324	1	1	
38	3	11-Nov-2007 12:02:30	4	0.936	1	1	
55	5	02-Mar-2008 14:36:04	4	1.878	2	1	
55	5	02-Mar-2008 14:36:10	8	1.311	2	1	
55	5	02-Mar-2008 14:36:14	4	0.771	1	0	
55	5	02-Mar-2008 14:36:19	6	0.485	1	1	
55	5	02-Mar-2008 14:36:23	6	0.515	1	1	
55	5	02-Mar-2008 14:36:27	4	0.327	2	1	
55	5	02-Mar-2008 14:36:32	8	0.594	1	1	
55	5	02-Mar-2008 14:36:36	4	0.693	1	1	
55	5	02-Mar-2008 14:36:41	8	0.416	1	1	
55	5	02-Mar-2008 14:36:45	4	0.458	2	1	
55	5	02-Mar-2008 14:36:50	8	0.308	1	1	
55	5	02-Mar-2008 14:36:54	6	0.348	2	1	
55	5	02-Mar-2008 14:36:58	4	0.503	2	1	
55	5	02-Mar-2008 14:37:03	8	0.409	1	1	
55	5	02-Mar-2008 14:37:07	4	0.565	1	1	
55	5	02-Mar-2008 14:37:12	6	0.369	1	1	
55	5	02-Mar-2008 14:37:17	8	0.122	2	1	
55	5	02-Mar-2008 14:37:21	4	0.798	2	1	
55	5	02-Mar-2008 14:37:25	4	0.470	2	1	
55	5	02-Mar-2008 14:37:29	4	0.348	2	1	
55	5	02-Mar-2008 14:37:33	6	0.321	1	1	
55	5	02-Mar-2008 14:37:37	4	0.316	1	1	
55	5	02-Mar-2008 14:37:41	6	0.355	1	1	
55	5	02-Mar-2008 14:37:46	8	0.029	2	1	
55	5	02-Mar-2008 14:37:50	4	0.660	2	1	
55	5	02-Mar-2008 14:37:54	4	0.386	2	1	
55	5	02-Mar-2008 14:38:00	4	2.252	2	1	
55	5	02-Mar-2008 14:38:04	6	0.178	2	1	
55	5	02-Mar-2008 14:38:08	6	0.208	2	1	
55	5	02-Mar-2008 14:38:12	6	0.140	1	1	
56	5	02-Mar-2008 14:51:32	4	1.319	1	0	
56	5	02-Mar-2008 14:51:37	8	0.860	2	1	
56	5	02-Mar-2008 14:51:42	4	0.660	1	0	
56	5	02-Mar-2008 14:51:47	6	1.884	1	1	
56	5	02-Mar-2008 14:51:52	6	0.722	1	1	
56	5	02-Mar-2008 14:51:58	4	2.032	2	1	
56	5	02-Mar-2008 14:52:03	8	0.791	1	1	
56	5	02-Mar-2008 14:52:07	4	0.836	1	1	
56	5	02-Mar-2008 14:52:12	8	0.715	1	1	
56	5	02-Mar-2008 14:52:17	4	1.130	2	1	
56	5	02-Mar-2008 14:52:22	8	0.774	2	0	
56	5	02-Mar-2008 14:52:29	6	3.036	1	0	
56	5	02-Mar-2008 14:52:34	4	1.252	1	0	
56	5	02-Mar-2008 14:52:43	8	4.155	1	1	
56	5	02-Mar-2008 14:52:47	4	0.792	1	1	
56	5	02-Mar-2008 14:52:52	6	0.444	1	1	
56	5	02-Mar-2008 14:52:57	8	0.401	2	1	
56	5	02-Mar-2008 14:53:00	4	0.301	1	0	
56	5	02-Mar-2008 14:53:05	4	0.745	2	1	
56	5	02-Mar-2008 14:53:08	4	0.211	1	0	
56	5	02-Mar-2008 14:53:13	6	0.578	1	1	
56	5	02-Mar-2008 14:53:18	4	1.222	2	0	
56	5	02-Mar-2008 14:53:23	6	1.466	1	1	
56	5	02-Mar-2008 14:53:30	8	2.935	2	1	
56	5	02-Mar-2008 14:53:36	4	1.654	2	1	
56	5	02-Mar-2008 14:53:41	4	1.901	2	1	
56	5	02-Mar-2008 14:53:46	4	1.768	1	0	
56	5	02-Mar-2008 14:53:51	6	0.916	1	0	
56	5	02-Mar-2008 14:53:55	6	0.436	2	1	
56	5	02-Mar-2008 14:54:00	6	1.157	2	0	
57	5	08-Mar-2008 14:48:59	4	2.419	2	1	
57	5	08-Mar-2008 14:49:05	8	1.412	2	1	
57	5	08-Mar-2008 14:49:10	4	1.459	1	0	
57	5	08-Mar-2008 14:49:14	6	0.589	1	1	
57	5	08-Mar-2008 14:49:19	6	0.778	1	1	
57	5	08-Mar-2008 14:49:27	4	4.213	1	0	
57	5	08-Mar-2008 14:49:32	8	0.749	1	1	
57	5	08-Mar-2008 14:49:36	4	0.874	1	1	
57	5	08-Mar-2008 14:49:41	8	0.626	1	1	
57	5	08-Mar-2008 14:49:47	4	2.516	1	0	
57	5	08-Mar-2008 14:49:53	8	1.158	1	1	
57	5	08-Mar-2008 14:49:58	6	0.634	2	1	
57	5	08-Mar-2008 14:50:02	4	0.732	2	1	
57	5	08-Mar-2008 14:50:07	8	0.485	1	1	
57	5	08-Mar-2008 14:50:11	4	0.429	1	1	
57	5	08-Mar-2008 14:50:15	6	0.526	1	1	
57	5	08-Mar-2008 14:50:21	8	0.735	2	1	
57	5	08-Mar-2008 14:50:25	4	0.589	2	1	
57	5	08-Mar-2008 14:50:30	4	1.388	2	1	
57	5	08-Mar-2008 14:50:33	4	0.429	2	1	
57	5	08-Mar-2008 14:50:38	6	0.561	1	1	
57	5	08-Mar-2008 14:50:42	4	0.660	1	1	
57	5	08-Mar-2008 14:50:47	6	0.523	1	1	
57	5	08-Mar-2008 14:50:52	8	0.701	2	1	
57	5	08-Mar-2008 14:50:57	4	1.835	2	1	
57	5	08-Mar-2008 14:51:02	4	1.018	2	1	
57	5	08-Mar-2008 14:51:10	4	4.474	2	1	
57	5	08-Mar-2008 14:51:14	6	0.612	2	1	
57	5	08-Mar-2008 14:51:19	6	0.625	2	1	
57	5	08-Mar-2008 14:51:23	6	0.476	1	1	
60	5	09-Mar-2008 14:46:59	4	6.489	1	0	
60	5	09-Mar-2008 14:47:05	8	1.646	1	0	
60	5	09-Mar-2008 14:47:10	4	0.899	2	1	
60	5	09-Mar-2008 14:47:15	6	1.765	1	1	
60	5	09-Mar-2008 14:47:20	6	0.977	2	0	
60	5	09-Mar-2008 14:47:24	4	0.645	2	1	
60	5	09-Mar-2008 14:47:29	8	0.454	2	0	
60	5	09-Mar-2008 14:47:34	4	1.184	2	0	
60	5	09-Mar-2008 14:47:39	8	0.394	1	1	
60	5	09-Mar-2008 14:47:43	4	0.327	2	1	
60	5	09-Mar-2008 14:47:48	8	0.880	1	1	
60	5	09-Mar-2008 14:47:52	6	0.290	1	0	
60	5	09-Mar-2008 14:48:00	4	4.256	2	1	
60	5	09-Mar-2008 14:48:05	8	0.423	1	1	
60	5	09-Mar-2008 14:48:09	4	0.643	2	0	
60	5	09-Mar-2008 14:48:15	6	1.547	1	1	
60	5	09-Mar-2008 14:48:21	8	1.605	1	0	
60	5	09-Mar-2008 14:48:25	4	0.559	2	1	
60	5	09-Mar-2008 14:48:29	4	0.625	2	1	
60	5	09-Mar-2008 14:48:33	4	0.544	2	1	
60	5	09-Mar-2008 14:48:39	6	1.597	2	0	
60	5	09-Mar-2008 14:48:43	4	0.919	2	0	
60	5	09-Mar-2008 14:48:47	6	0.216	1	1	
60	5	09-Mar-2008 14:48:52	8	0.251	1	0	
60	5	09-Mar-2008 14:48:57	4	1.422	1	0	
60	5	09-Mar-2008 14:49:00	4	0.127	2	1	
60	5	09-Mar-2008 14:49:04	4	0.727	1	0	
60	5	09-Mar-2008 14:49:09	6	0.686	1	0	
60	5	09-Mar-2008 14:49:13	6	0.488	2	1	
60	5	09-Mar-2008 14:49:18	6	0.263	1	1	
39	3	11-Nov-2007 12:08:24	8	4.942	-1	0	
39	3	11-Nov-2007 12:08:29	4	0.976	-1	0	
39	3	11-Nov-2007 12:08:36	8	1.984	-1	0	
39	3	11-Nov-2007 12:08:43	6	3.510	1	1	
39	3	11-Nov-2007 12:08:51	8	4.021	1	0	
39	3	11-Nov-2007 12:08:57	4	2.180	1	0	
39	3	11-Nov-2007 12:09:02	6	0.651	1	1	
39	3	11-Nov-2007 12:09:07	8	1.028	2	1	
39	3	11-Nov-2007 12:09:12	6	0.746	2	1	
39	3	11-Nov-2007 12:09:18	8	2.005	1	1	
39	3	11-Nov-2007 12:09:24	4	2.624	2	1	
39	3	11-Nov-2007 12:09:29	6	1.115	2	1	
39	3	11-Nov-2007 12:09:35	8	1.146	2	1	
39	3	11-Nov-2007 12:09:41	4	2.620	1	0	
39	3	11-Nov-2007 12:09:45	6	0.320	2	1	
39	3	11-Nov-2007 12:09:53	8	3.751	1	1	
39	3	11-Nov-2007 12:09:57	6	0.435	2	1	
39	3	11-Nov-2007 12:10:04	4	3.800	1	1	
39	3	11-Nov-2007 12:10:09	6	0.330	2	1	
39	3	11-Nov-2007 12:10:12	4	0.336	2	1	
39	3	11-Nov-2007 12:10:18	6	1.275	2	1	
39	3	11-Nov-2007 12:10:24	8	1.657	2	1	
39	3	11-Nov-2007 12:10:28	6	0.723	2	1	
39	3	11-Nov-2007 12:10:33	8	0.810	2	1	
39	3	11-Nov-2007 12:10:38	6	0.947	2	1	
39	3	11-Nov-2007 12:10:42	4	0.326	2	1	
39	3	11-Nov-2007 12:10:47	8	0.927	1	1	
39	3	11-Nov-2007 12:10:51	4	0.764	1	1	
39	3	11-Nov-2007 12:10:56	6	0.715	2	1	
39	3	11-Nov-2007 12:11:03	8	2.295	2	1	
40	4	11-Nov-2007 12:32:42	4	1.578	1	0	
40	4	11-Nov-2007 12:32:48	4	1.533	2	1	
40	4	11-Nov-2007 12:32:53	4	1.575	1	0	
40	4	11-Nov-2007 12:32:58	8	1.177	1	1	
40	4	11-Nov-2007 12:33:03	4	1.120	2	1	
40	4	11-Nov-2007 12:33:07	6	0.909	1	1	
40	4	11-Nov-2007 12:33:12	4	0.756	1	1	
40	4	11-Nov-2007 12:33:17	4	1.968	1	1	
40	4	11-Nov-2007 12:33:22	6	0.891	2	1	
40	4	11-Nov-2007 12:33:28	8	1.902	2	1	
40	4	11-Nov-2007 12:33:33	6	0.712	1	1	
40	4	11-Nov-2007 12:33:39	4	2.382	2	1	
40	4	11-Nov-2007 12:33:43	6	0.690	1	1	
40	4	11-Nov-2007 12:33:48	8	0.657	2	1	
40	4	11-Nov-2007 12:33:53	6	1.225	1	1	
40	4	11-Nov-2007 12:33:58	4	1.648	1	0	
40	4	11-Nov-2007 12:34:03	6	0.934	2	1	
40	4	11-Nov-2007 12:34:09	8	1.153	2	1	
40	4	11-Nov-2007 12:34:14	4	2.061	2	1	
40	4	11-Nov-2007 12:34:18	4	0.896	1	0	
40	4	11-Nov-2007 12:34:23	6	0.971	2	1	
40	4	11-Nov-2007 12:34:31	4	4.584	2	0	
40	4	11-Nov-2007 12:34:36	6	0.626	2	1	
40	4	11-Nov-2007 12:34:40	4	0.906	2	0	
40	4	11-Nov-2007 12:34:45	6	1.175	1	1	
40	4	11-Nov-2007 12:34:52	4	3.075	2	0	
40	4	11-Nov-2007 12:34:59	6	3.135	1	1	
40	4	11-Nov-2007 12:35:04	4	2.376	2	1	
40	4	11-Nov-2007 12:35:10	6	2.052	1	1	
40	4	11-Nov-2007 12:35:15	4	1.316	2	1	
41	4	11-Nov-2007 13:12:11	6	1.615	2	1	
41	4	11-Nov-2007 13:12:17	4	1.868	1	1	
41	4	11-Nov-2007 13:12:22	6	1.066	1	1	
41	4	11-Nov-2007 13:12:27	8	1.101	1	1	
41	4	11-Nov-2007 13:12:32	4	1.381	1	1	
41	4	11-Nov-2007 13:12:36	4	0.779	2	1	
41	4	11-Nov-2007 13:12:42	8	1.611	2	1	
41	4	11-Nov-2007 13:12:46	4	0.365	1	1	
41	4	11-Nov-2007 13:12:50	4	1.098	1	1	
41	4	11-Nov-2007 13:12:55	6	0.497	1	1	
41	4	11-Nov-2007 13:12:59	4	1.038	1	1	
41	4	11-Nov-2007 13:13:03	6	0.329	2	1	
41	4	11-Nov-2007 13:13:08	8	0.431	1	1	
41	4	11-Nov-2007 13:13:12	4	0.258	1	1	
41	4	11-Nov-2007 13:13:17	8	0.460	2	1	
41	4	11-Nov-2007 13:13:21	6	0.237	1	1	
41	4	11-Nov-2007 13:13:24	4	0.257	1	1	
41	4	11-Nov-2007 13:13:28	4	0.235	2	1	
41	4	11-Nov-2007 13:13:32	6	0.189	2	1	
41	4	11-Nov-2007 13:13:36	4	0.172	1	1	
41	4	11-Nov-2007 13:13:40	4	1.004	2	1	
41	4	11-Nov-2007 13:13:44	4	0.196	1	1	
41	4	11-Nov-2007 13:13:48	8	0.192	1	1	
41	4	11-Nov-2007 13:13:52	4	0.461	2	1	
41	4	11-Nov-2007 13:13:56	6	0.156	1	1	
41	4	11-Nov-2007 13:14:00	4	0.149	2	1	
41	4	11-Nov-2007 13:14:04	8	0.292	1	1	
41	4	11-Nov-2007 13:14:08	6	0.087	2	1	
41	4	11-Nov-2007 13:14:12	4	0.048	2	1	
41	4	11-Nov-2007 13:14:15	4	0.241	2	1	
42	4	11-Jan-2008 15:51:54	4	2.204	2	1	
42	4	11-Jan-2008 15:52:00	8	1.362	1	1	
42	4	11-Jan-2008 15:52:04	4	1.062	1	1	
42	4	11-Jan-2008 15:52:11	4	3.914	1	0	
42	4	11-Jan-2008 15:52:19	8	3.619	1	0	
42	4	11-Jan-2008 15:52:24	6	0.535	2	1	
42	4	11-Jan-2008 15:52:30	4	2.724	2	1	
42	4	11-Jan-2008 15:52:35	8	0.828	1	0	
42	4	11-Jan-2008 15:52:44	4	6.047	1	0	
42	4	11-Jan-2008 15:52:50	8	1.594	1	1	
42	4	11-Jan-2008 15:52:57	4	3.717	2	1	
42	4	11-Jan-2008 15:53:06	8	4.173	1	0	
42	4	11-Jan-2008 15:53:10	6	0.631	2	1	
42	4	11-Jan-2008 15:53:16	4	2.058	1	1	
42	4	11-Jan-2008 15:53:22	8	1.598	1	1	
42	4	11-Jan-2008 15:53:28	4	2.838	2	1	
42	4	11-Jan-2008 15:53:32	6	0.624	1	1	
42	4	11-Jan-2008 15:53:38	8	0.954	1	1	
42	4	11-Jan-2008 15:53:43	4	1.689	1	1	
42	4	11-Jan-2008 15:53:49	6	2.085	2	1	
42	4	11-Jan-2008 15:53:53	4	0.471	1	1	
42	4	11-Jan-2008 15:53:57	4	0.711	2	1	
42	4	11-Jan-2008 15:54:01	6	0.418	1	0	
42	4	11-Jan-2008 15:54:05	4	0.592	1	1	
42	4	11-Jan-2008 15:54:10	4	1.749	1	1	
42	4	11-Jan-2008 15:54:16	4	2.578	1	1	
42	4	11-Jan-2008 15:54:21	8	0.643	1	0	
42	4	11-Jan-2008 15:54:25	6	0.639	1	0	
42	4	11-Jan-2008 15:54:33	8	3.379	1	0	
42	4	11-Jan-2008 15:54:37	4	0.300	2	1	
43	4	27-Jan-2008 10:22:08	4	3.108	2	1	
43	4	27-Jan-2008 10:22:13	8	0.591	1	1	
43	4	27-Jan-2008 10:22:17	4	0.594	1	1	
43	4	27-Jan-2008 10:22:20	4	0.420	2	1	
43	4	27-Jan-2008 10:22:25	8	0.527	2	1	
43	4	27-Jan-2008 10:22:30	6	0.434	2	1	
43	4	27-Jan-2008 10:22:33	4	0.308	1	0	
43	4	27-Jan-2008 10:22:38	8	0.281	2	1	
43	4	27-Jan-2008 10:22:42	4	0.931	2	1	
43	4	27-Jan-2008 10:22:47	8	0.388	1	1	
43	4	27-Jan-2008 10:22:51	4	0.398	2	1	
43	4	27-Jan-2008 10:22:56	8	0.485	2	1	
43	4	27-Jan-2008 10:23:02	6	2.537	2	1	
43	4	27-Jan-2008 10:23:07	4	1.824	1	1	
43	4	27-Jan-2008 10:23:12	8	0.748	1	1	
43	4	27-Jan-2008 10:23:16	4	0.619	2	1	
43	4	27-Jan-2008 10:23:20	6	0.359	1	1	
43	4	27-Jan-2008 10:23:25	8	0.400	1	1	
43	4	27-Jan-2008 10:23:29	4	0.302	1	1	
43	4	27-Jan-2008 10:23:33	6	0.781	2	1	
43	4	27-Jan-2008 10:23:37	4	0.309	1	1	
43	4	27-Jan-2008 10:23:41	4	0.868	2	1	
43	4	27-Jan-2008 10:23:46	6	0.514	2	1	
43	4	27-Jan-2008 10:23:49	4	0.393	1	1	
43	4	27-Jan-2008 10:23:55	4	2.525	1	1	
43	4	27-Jan-2008 10:23:59	4	0.323	1	1	
43	4	27-Jan-2008 10:24:04	8	0.470	2	1	
43	4	27-Jan-2008 10:24:09	6	1.157	2	1	
43	4	27-Jan-2008 10:24:14	8	0.944	2	1	
43	4	27-Jan-2008 10:24:19	4	1.950	2	1	
44	4	27-Jan-2008 15:21:49	4	1.634	2	1	
44	4	27-Jan-2008 15:21:54	8	1.325	1	1	
44	4	27-Jan-2008 15:21:58	4	0.531	1	1	
44	4	27-Jan-2008 15:22:02	4	0.556	2	1	
44	4	27-Jan-2008 15:22:07	8	0.921	2	1	
44	4	27-Jan-2008 15:22:12	6	0.423	2	1	
44	4	27-Jan-2008 15:22:15	4	0.344	2	1	
44	4	27-Jan-2008 15:22:20	8	0.438	2	1	
44	4	27-Jan-2008 15:22:24	4	0.495	2	1	
44	4	27-Jan-2008 15:22:29	8	0.443	1	1	
44	4	27-Jan-2008 15:22:33	4	0.389	2	1	
44	4	27-Jan-2008 15:22:37	8	0.260	2	1	
44	4	27-Jan-2008 15:22:43	6	2.258	2	1	
44	4	27-Jan-2008 15:22:47	4	0.252	1	1	
44	4	27-Jan-2008 15:22:52	8	0.919	1	1	
44	4	27-Jan-2008 15:22:56	4	0.642	2	1	
44	4	27-Jan-2008 15:23:01	6	0.619	1	1	
44	4	27-Jan-2008 15:23:06	8	1.231	1	1	
44	4	27-Jan-2008 15:23:10	4	0.202	1	1	
44	4	27-Jan-2008 15:23:14	6	0.106	2	1	
44	4	27-Jan-2008 15:23:17	4	0.097	1	1	
44	4	27-Jan-2008 15:23:21	4	0.772	2	1	
44	4	27-Jan-2008 15:23:26	6	0.426	2	1	
44	4	27-Jan-2008 15:23:29	4	0.046	1	1	
44	4	27-Jan-2008 15:23:33	4	0.193	1	1	
44	4	27-Jan-2008 15:23:36	4	0.111	1	1	
44	4	27-Jan-2008 15:23:40	8	0.044	2	1	
44	4	27-Jan-2008 15:23:44	6	0.098	2	1	
44	4	27-Jan-2008 15:23:49	8	0.176	2	1	
44	4	27-Jan-2008 15:23:53	4	0.270	2	1	
46	4	16-Feb-2008 14:38:40	4	2.670	2	1	
46	4	16-Feb-2008 14:38:46	8	1.185	2	0	
46	4	16-Feb-2008 14:38:50	4	0.383	1	1	
46	4	16-Feb-2008 14:38:54	4	0.778	2	1	
46	4	16-Feb-2008 14:38:59	8	0.901	2	1	
46	4	16-Feb-2008 14:39:04	6	0.913	2	1	
46	4	16-Feb-2008 14:39:08	4	0.785	2	1	
46	4	16-Feb-2008 14:39:13	8	1.029	1	0	
46	4	16-Feb-2008 14:39:18	4	0.751	2	1	
46	4	16-Feb-2008 14:39:23	8	0.812	1	1	
46	4	16-Feb-2008 14:39:27	4	1.040	2	1	
46	4	16-Feb-2008 14:39:32	8	0.523	2	1	
46	4	16-Feb-2008 14:39:37	6	0.741	2	1	
46	4	16-Feb-2008 14:39:41	4	0.724	1	1	
46	4	16-Feb-2008 14:39:46	8	0.652	1	1	
46	4	16-Feb-2008 14:39:49	4	0.270	2	1	
46	4	16-Feb-2008 14:39:54	6	0.570	1	1	
46	4	16-Feb-2008 14:39:58	8	0.392	1	1	
46	4	16-Feb-2008 14:40:02	4	0.176	1	1	
46	4	16-Feb-2008 14:40:06	6	0.505	2	1	
46	4	16-Feb-2008 14:40:11	4	0.627	1	1	
46	4	16-Feb-2008 14:40:14	4	0.276	2	1	
46	4	16-Feb-2008 14:40:20	6	1.769	2	1	
46	4	16-Feb-2008 14:40:24	4	0.332	1	1	
46	4	16-Feb-2008 14:40:27	4	0.268	1	1	
46	4	16-Feb-2008 14:40:31	4	0.245	1	1	
46	4	16-Feb-2008 14:40:35	8	0.207	2	1	
46	4	16-Feb-2008 14:40:40	6	0.543	2	1	
46	4	16-Feb-2008 14:40:46	8	1.740	1	0	
46	4	16-Feb-2008 14:40:49	4	0.170	2	1	
47	4	17-Feb-2008 11:48:39	8	5.895	-1	0	
47	4	17-Feb-2008 11:48:46	6	2.738	-1	0	
47	4	17-Feb-2008 11:48:54	4	3.636	-1	0	
47	4	17-Feb-2008 11:48:58	6	0.517	-1	0	
47	4	17-Feb-2008 11:49:02	4	0.023	-1	0	
47	4	17-Feb-2008 11:49:14	8	6.855	-1	0	
47	4	17-Feb-2008 11:49:32	4	14.555	1	1	
47	4	17-Feb-2008 11:49:36	4	0.459	2	1	
47	4	17-Feb-2008 11:49:41	8	1.115	2	1	
47	4	17-Feb-2008 11:49:46	6	0.391	1	1	
47	4	17-Feb-2008 11:49:50	8	0.250	1	1	
47	4	17-Feb-2008 11:49:54	4	0.122	2	1	
47	4	17-Feb-2008 11:49:57	4	0.153	1	1	
47	4	17-Feb-2008 11:50:01	4	0.098	1	1	
47	4	17-Feb-2008 11:50:05	6	0.099	2	1	
47	4	17-Feb-2008 11:50:09	4	1.019	2	1	
47	4	17-Feb-2008 11:50:14	8	0.206	1	1	
47	4	17-Feb-2008 11:50:18	6	0.075	2	1	
47	4	17-Feb-2008 11:50:22	8	0.154	2	1	
47	4	17-Feb-2008 11:50:26	4	0.215	1	1	
47	4	17-Feb-2008 11:50:36	8	5.517	2	1	
47	4	17-Feb-2008 11:50:40	6	0.222	1	1	
47	4	17-Feb-2008 11:50:45	8	0.882	2	1	
47	4	17-Feb-2008 11:50:49	4	0.500	1	1	
47	4	17-Feb-2008 11:50:53	4	0.500	1	1	
47	4	17-Feb-2008 11:50:56	4	0.122	1	1	
47	4	17-Feb-2008 11:51:00	6	0.248	2	1	
47	4	17-Feb-2008 11:51:04	4	0.214	2	1	
47	4	17-Feb-2008 11:51:07	4	0.101	1	1	
47	4	17-Feb-2008 11:51:11	4	0.386	2	1	
49	4	17-Feb-2008 15:26:15	4	1.554	-1	0	
49	4	17-Feb-2008 15:26:20	6	0.633	-1	0	
49	4	17-Feb-2008 15:26:25	8	1.182	2	1	
49	4	17-Feb-2008 15:26:31	6	2.145	2	1	
49	4	17-Feb-2008 15:26:37	8	1.407	1	0	
49	4	17-Feb-2008 15:26:43	6	1.534	1	1	
49	4	17-Feb-2008 15:26:47	4	0.742	2	1	
49	4	17-Feb-2008 15:26:52	6	0.975	1	1	
49	4	17-Feb-2008 15:26:56	4	0.674	2	1	
49	4	17-Feb-2008 15:27:02	6	1.705	1	1	
49	4	17-Feb-2008 15:27:06	8	0.432	1	1	
49	4	17-Feb-2008 15:27:10	4	0.555	2	1	
49	4	17-Feb-2008 15:27:14	4	0.499	1	1	
49	4	17-Feb-2008 15:27:19	8	0.464	2	1	
49	4	17-Feb-2008 15:27:23	4	0.560	1	1	
49	4	17-Feb-2008 15:27:27	6	0.802	1	1	
49	4	17-Feb-2008 15:27:31	4	0.398	1	1	
49	4	17-Feb-2008 15:27:35	4	0.255	2	1	
49	4	17-Feb-2008 15:27:38	4	0.181	2	1	
49	4	17-Feb-2008 15:27:43	8	0.444	1	1	
49	4	17-Feb-2008 15:27:48	6	0.761	2	1	
49	4	17-Feb-2008 15:27:52	4	0.386	1	1	
49	4	17-Feb-2008 15:27:56	4	0.514	1	1	
49	4	17-Feb-2008 15:28:00	8	0.393	1	1	
49	4	17-Feb-2008 15:28:04	4	0.130	2	1	
49	4	17-Feb-2008 15:28:08	8	0.154	2	1	
49	4	17-Feb-2008 15:28:13	4	0.886	1	1	
49	4	17-Feb-2008 15:28:16	4	0.203	2	1	
49	4	17-Feb-2008 15:28:21	8	0.306	1	1	
49	4	17-Feb-2008 15:28:25	6	0.621	1	1	
50	4	17-Feb-2008 16:10:25	8	3.465	-1	0	
50	4	17-Feb-2008 16:10:32	4	4.039	2	1	
50	4	17-Feb-2008 16:10:37	4	1.083	1	1	
50	4	17-Feb-2008 16:10:41	6	0.568	1	1	
50	4	17-Feb-2008 16:10:45	4	0.883	1	1	
50	4	17-Feb-2008 16:10:49	4	0.398	1	1	
50	4	17-Feb-2008 16:10:53	4	0.880	1	1	
50	4	17-Feb-2008 16:10:58	8	0.802	2	0	
50	4	17-Feb-2008 16:11:03	6	0.511	1	1	
50	4	17-Feb-2008 16:11:07	4	0.457	2	1	
50	4	17-Feb-2008 16:11:10	4	0.496	2	1	
50	4	17-Feb-2008 16:11:14	4	0.233	1	1	
50	4	17-Feb-2008 16:11:19	8	0.354	1	0	
50	4	17-Feb-2008 16:11:23	6	0.556	1	1	
50	4	17-Feb-2008 16:11:27	4	0.464	1	1	
50	4	17-Feb-2008 16:11:31	4	0.587	2	1	
50	4	17-Feb-2008 16:11:35	8	0.215	1	1	
50	4	17-Feb-2008 16:11:40	4	0.722	2	1	
50	4	17-Feb-2008 16:11:44	6	0.684	2	1	
50	4	17-Feb-2008 16:11:48	4	0.325	2	1	
50	4	17-Feb-2008 16:11:52	4	0.619	1	1	
50	4	17-Feb-2008 16:11:56	6	0.506	2	1	
50	4	17-Feb-2008 16:12:00	4	0.468	1	1	
50	4	17-Feb-2008 16:12:04	6	0.183	1	1	
50	4	17-Feb-2008 16:12:07	4	0.110	1	1	
50	4	17-Feb-2008 16:12:11	4	0.050	2	1	
50	4	17-Feb-2008 16:12:14	4	0.203	1	1	
50	4	17-Feb-2008 16:12:18	4	0.334	1	1	
50	4	17-Feb-2008 16:12:23	8	0.182	1	1	
50	4	17-Feb-2008 16:12:26	4	0.369	1	1	
52	5	24-Feb-2008 16:14:56	4	2.608	2	1	
52	5	24-Feb-2008 16:15:02	8	1.390	2	1	
52	5	24-Feb-2008 16:15:07	4	1.572	1	0	
52	5	24-Feb-2008 16:15:13	6	2.032	2	0	
52	5	24-Feb-2008 16:15:18	6	0.710	2	0	
52	5	24-Feb-2008 16:15:22	4	0.893	2	1	
52	5	24-Feb-2008 16:15:27	8	0.372	1	1	
52	5	24-Feb-2008 16:15:30	4	0.561	1	1	
52	5	24-Feb-2008 16:15:35	8	0.416	2	0	
52	5	24-Feb-2008 16:15:39	4	0.651	2	1	
52	5	24-Feb-2008 16:15:44	8	0.106	1	1	
52	5	24-Feb-2008 16:15:48	6	0.196	2	1	
52	5	24-Feb-2008 16:15:51	4	0.093	2	1	
52	5	24-Feb-2008 16:15:56	8	0.163	1	1	
52	5	24-Feb-2008 16:16:00	4	0.272	1	1	
52	5	24-Feb-2008 16:16:04	6	0.289	1	1	
52	5	24-Feb-2008 16:16:09	8	0.552	2	1	
52	5	24-Feb-2008 16:16:13	4	0.569	2	1	
52	5	24-Feb-2008 16:16:17	4	1.117	2	1	
52	5	24-Feb-2008 16:16:21	4	0.360	2	1	
52	5	24-Feb-2008 16:16:25	6	0.189	1	1	
52	5	24-Feb-2008 16:16:29	4	0.316	1	1	
52	5	24-Feb-2008 16:16:33	6	1.053	1	1	
52	5	24-Feb-2008 16:16:38	8	0.534	2	1	
52	5	24-Feb-2008 16:16:43	4	0.926	1	0	
52	5	24-Feb-2008 16:16:46	4	0.467	2	1	
52	5	24-Feb-2008 16:16:51	4	0.815	2	1	
52	5	24-Feb-2008 16:16:55	6	0.509	1	0	
52	5	24-Feb-2008 16:16:59	6	0.304	2	1	
52	5	24-Feb-2008 16:17:04	6	0.898	1	1	
51	4	27-Feb-2008 16:22:39	4	0.839	2	1	
51	4	27-Feb-2008 16:22:44	8	1.019	2	1	
51	4	27-Feb-2008 16:22:49	6	0.501	1	1	
51	4	27-Feb-2008 16:22:53	4	0.923	1	1	
51	4	27-Feb-2008 16:22:57	6	0.679	1	1	
51	4	27-Feb-2008 16:23:01	4	0.534	1	1	
51	4	27-Feb-2008 16:23:06	6	0.535	1	1	
51	4	27-Feb-2008 16:23:10	4	0.749	1	1	
51	4	27-Feb-2008 16:23:14	4	0.547	1	1	
51	4	27-Feb-2008 16:23:19	8	0.599	2	1	
51	4	27-Feb-2008 16:23:22	4	0.485	2	1	
51	4	27-Feb-2008 16:23:26	4	0.452	1	1	
51	4	27-Feb-2008 16:23:30	4	0.574	2	1	
51	4	27-Feb-2008 16:23:35	8	0.473	1	1	
51	4	27-Feb-2008 16:23:39	6	0.359	2	1	
51	4	27-Feb-2008 16:23:44	4	1.083	1	1	
51	4	27-Feb-2008 16:23:48	6	0.583	1	1	
51	4	27-Feb-2008 16:23:53	8	0.464	1	1	
51	4	27-Feb-2008 16:23:57	6	0.276	2	1	
51	4	27-Feb-2008 16:24:01	4	0.361	1	1	
51	4	27-Feb-2008 16:24:05	6	0.320	1	1	
51	4	27-Feb-2008 16:24:09	4	0.343	2	1	
51	4	27-Feb-2008 16:24:13	6	0.300	2	1	
51	4	27-Feb-2008 16:24:17	4	0.571	1	1	
51	4	27-Feb-2008 16:24:21	4	0.368	2	1	
51	4	27-Feb-2008 16:24:25	6	0.349	1	1	
51	4	27-Feb-2008 16:24:29	4	0.556	2	1	
51	4	27-Feb-2008 16:24:33	8	0.343	2	1	
51	4	27-Feb-2008 16:24:37	4	0.638	1	1	
51	4	27-Feb-2008 16:24:42	6	0.338	1	1	
54	5	01-Mar-2008 15:16:06	4	3.810	-1	0	
54	5	01-Mar-2008 15:16:17	8	5.967	-1	0	
54	5	01-Mar-2008 15:16:22	4	1.660	-1	0	
54	5	01-Mar-2008 15:16:28	6	0.900	-1	0	
54	5	01-Mar-2008 15:16:37	6	5.888	2	0	
54	5	01-Mar-2008 15:16:44	4	2.734	2	1	
54	5	01-Mar-2008 15:16:51	8	2.451	-1	0	
54	5	01-Mar-2008 15:16:58	4	4.067	1	1	
54	5	01-Mar-2008 15:17:09	8	6.422	2	0	
54	5	01-Mar-2008 15:17:14	4	1.841	2	1	
54	5	01-Mar-2008 15:17:20	8	1.482	1	1	
54	5	01-Mar-2008 15:17:25	6	1.198	2	1	
54	5	01-Mar-2008 15:17:30	4	0.954	2	1	
54	5	01-Mar-2008 15:17:36	8	1.704	1	1	
54	5	01-Mar-2008 15:17:42	4	2.863	1	1	
54	5	01-Mar-2008 15:17:48	6	2.044	1	1	
54	5	01-Mar-2008 15:17:53	8	0.864	2	1	
54	5	01-Mar-2008 15:18:01	4	4.763	1	0	
54	5	01-Mar-2008 15:18:05	4	0.567	2	1	
54	5	01-Mar-2008 15:18:17	4	9.085	1	0	
54	5	01-Mar-2008 15:18:26	6	4.692	1	1	
54	5	01-Mar-2008 15:18:31	4	1.160	1	1	
54	5	01-Mar-2008 15:18:37	6	1.694	1	1	
54	5	01-Mar-2008 15:18:43	8	2.123	1	0	
54	5	01-Mar-2008 15:18:49	4	2.510	2	1	
54	5	01-Mar-2008 15:18:54	4	1.295	2	1	
54	5	01-Mar-2008 15:19:00	4	3.452	1	0	
54	5	01-Mar-2008 15:19:05	6	0.887	2	1	
54	5	01-Mar-2008 15:19:10	6	0.738	2	1	
54	5	01-Mar-2008 15:19:15	6	1.457	2	0	
55	5	01-Mar-2008 15:36:26	4	6.119	-1	0	
55	5	01-Mar-2008 15:36:32	8	0.739	-1	0	
55	5	01-Mar-2008 15:36:39	4	2.501	-1	0	
55	5	01-Mar-2008 15:36:45	6	2.517	-1	0	
55	5	01-Mar-2008 15:36:52	4	2.310	-1	0	
55	5	01-Mar-2008 15:36:59	6	2.885	-1	0	
55	5	01-Mar-2008 15:37:09	8	6.136	1	1	
55	5	01-Mar-2008 15:37:15	6	1.621	1	0	
55	5	01-Mar-2008 15:37:21	8	0.984	2	1	
55	5	01-Mar-2008 15:37:26	6	1.827	1	0	
55	5	01-Mar-2008 15:37:31	6	0.525	2	1	
55	5	01-Mar-2008 15:37:35	4	0.823	2	1	
55	5	01-Mar-2008 15:37:40	8	0.296	2	1	
55	5	01-Mar-2008 15:37:43	4	0.482	2	0	
55	5	01-Mar-2008 15:37:47	4	0.368	1	1	
55	5	01-Mar-2008 15:37:52	6	0.745	1	0	
55	5	01-Mar-2008 15:37:56	6	0.333	2	1	
55	5	01-Mar-2008 15:38:00	6	0.192	1	1	
55	5	01-Mar-2008 15:38:05	8	0.265	1	1	
55	5	01-Mar-2008 15:38:09	6	0.276	2	1	
55	5	01-Mar-2008 15:38:13	6	0.104	1	1	
55	5	01-Mar-2008 15:38:17	4	0.256	2	1	
55	5	01-Mar-2008 15:38:21	6	0.238	1	1	
55	5	01-Mar-2008 15:38:25	4	0.384	2	0	
55	5	01-Mar-2008 15:38:31	6	2.478	1	0	
55	5	01-Mar-2008 15:38:35	4	0.218	2	1	
55	5	01-Mar-2008 15:38:40	8	0.788	1	1	
55	5	01-Mar-2008 15:38:44	4	0.774	2	1	
55	5	01-Mar-2008 15:38:48	6	0.439	1	1	
55	5	01-Mar-2008 15:38:53	8	0.303	2	0	
58	5	08-Mar-2008 14:57:53	8	1.143	2	1	
58	5	08-Mar-2008 14:57:58	6	0.814	1	1	
58	5	08-Mar-2008 14:58:02	6	0.782	2	1	
58	5	08-Mar-2008 14:58:08	8	0.944	2	1	
58	5	08-Mar-2008 14:58:12	4	0.591	2	1	
58	5	08-Mar-2008 14:58:17	8	0.394	1	1	
58	5	08-Mar-2008 14:58:21	6	0.570	1	0	
58	5	08-Mar-2008 14:58:25	6	0.537	1	0	
58	5	08-Mar-2008 14:58:30	6	0.478	1	1	
58	5	08-Mar-2008 14:58:35	8	0.475	2	0	
58	5	08-Mar-2008 14:58:41	6	2.512	1	1	
58	5	08-Mar-2008 14:58:47	4	2.241	2	0	
58	5	08-Mar-2008 14:58:50	4	0.338	1	1	
58	5	08-Mar-2008 14:58:55	8	0.319	1	1	
58	5	08-Mar-2008 14:59:00	6	1.002	1	1	
58	5	08-Mar-2008 14:59:05	6	1.509	2	1	
58	5	08-Mar-2008 14:59:10	8	0.601	2	1	
58	5	08-Mar-2008 14:59:15	4	1.631	1	1	
58	5	08-Mar-2008 14:59:19	4	0.249	2	1	
58	5	08-Mar-2008 14:59:23	4	0.944	1	1	
58	5	08-Mar-2008 14:59:29	6	1.625	2	1	
58	5	08-Mar-2008 14:59:33	4	1.550	1	1	
58	5	08-Mar-2008 14:59:38	6	0.590	1	1	
58	5	08-Mar-2008 14:59:42	4	0.938	1	1	
58	5	08-Mar-2008 14:59:47	6	1.350	2	1	
58	5	08-Mar-2008 14:59:52	8	0.274	1	1	
58	5	08-Mar-2008 14:59:56	4	0.697	1	1	
58	5	08-Mar-2008 15:00:01	6	0.790	1	0	
58	5	08-Mar-2008 15:00:05	4	0.514	2	1	
58	5	08-Mar-2008 15:00:09	6	0.427	1	1	
59	5	08-Mar-2008 15:33:10	6	3.431	-1	0	
59	5	08-Mar-2008 15:33:16	4	1.818	-1	0	
59	5	08-Mar-2008 15:33:22	6	1.268	-1	0	
59	5	08-Mar-2008 15:33:26	4	0.552	-1	0	
59	5	08-Mar-2008 15:33:32	6	1.135	-1	0	
59	5	08-Mar-2008 15:33:37	6	1.089	-1	0	
59	5	08-Mar-2008 15:33:43	8	1.468	2	1	
59	5	08-Mar-2008 15:33:49	4	2.548	1	0	
59	5	08-Mar-2008 15:33:53	4	0.801	1	1	
59	5	08-Mar-2008 15:33:58	6	0.609	2	0	
59	5	08-Mar-2008 15:34:02	4	0.431	1	0	
59	5	08-Mar-2008 15:34:06	6	0.266	1	1	
59	5	08-Mar-2008 15:34:09	4	0.190	2	1	
59	5	08-Mar-2008 15:34:14	6	0.338	1	1	
59	5	08-Mar-2008 15:34:17	4	0.573	2	0	
59	5	08-Mar-2008 15:34:22	8	0.386	2	1	
59	5	08-Mar-2008 15:34:26	4	0.484	1	1	
59	5	08-Mar-2008 15:34:30	4	0.440	2	0	
59	5	08-Mar-2008 15:34:33	4	0.146	1	1	
59	5	08-Mar-2008 15:34:37	4	0.214	2	1	
59	5	08-Mar-2008 15:34:41	6	0.332	2	1	
59	5	08-Mar-2008 15:34:45	6	0.211	1	1	
59	5	08-Mar-2008 15:34:49	4	0.215	2	1	
59	5	08-Mar-2008 15:34:55	4	2.684	2	1	
59	5	08-Mar-2008 15:34:58	4	0.000	1	1	
59	5	08-Mar-2008 15:35:03	6	0.707	2	1	
59	5	08-Mar-2008 15:35:07	6	0.156	2	0	
59	5	08-Mar-2008 15:35:11	6	0.295	2	1	
59	5	08-Mar-2008 15:35:16	8	0.372	2	1	
59	5	08-Mar-2008 15:35:20	6	0.083	2	0	
61	5	09-Mar-2008 15:45:31	4	7.233	2	1	
61	5	09-Mar-2008 15:45:37	8	1.405	2	1	
61	5	09-Mar-2008 15:45:42	4	0.890	1	0	
61	5	09-Mar-2008 15:45:46	6	0.909	1	1	
61	5	09-Mar-2008 15:45:51	6	1.312	1	1	
61	5	09-Mar-2008 15:45:58	4	2.655	1	0	
61	5	09-Mar-2008 15:46:03	8	0.841	1	1	
61	5	09-Mar-2008 15:46:07	4	1.076	1	1	
61	5	09-Mar-2008 15:46:13	8	1.394	2	0	
61	5	09-Mar-2008 15:46:18	4	1.704	1	0	
61	5	09-Mar-2008 15:46:25	8	2.710	2	0	
61	5	09-Mar-2008 15:46:32	6	2.713	1	0	
61	5	09-Mar-2008 15:46:36	4	1.105	2	1	
61	5	09-Mar-2008 15:46:42	8	1.559	1	1	
61	5	09-Mar-2008 15:46:46	4	0.758	2	0	
61	5	09-Mar-2008 15:46:53	6	3.343	1	1	
61	5	09-Mar-2008 15:46:59	8	0.758	1	0	
61	5	09-Mar-2008 15:47:03	4	0.754	2	1	
61	5	09-Mar-2008 15:47:09	4	2.488	1	0	
61	5	09-Mar-2008 15:47:14	4	1.976	2	1	
61	5	09-Mar-2008 15:47:18	6	0.704	1	1	
61	5	09-Mar-2008 15:47:24	4	2.272	1	1	
61	5	09-Mar-2008 15:47:29	6	0.595	2	0	
61	5	09-Mar-2008 15:47:34	8	0.939	1	0	
61	5	09-Mar-2008 15:47:39	4	1.908	2	1	
61	5	09-Mar-2008 15:47:45	4	2.196	1	0	
61	5	09-Mar-2008 15:47:50	4	1.658	1	0	
61	5	09-Mar-2008 15:47:54	6	0.742	2	1	
61	5	09-Mar-2008 15:47:59	6	0.973	2	1	
61	5	09-Mar-2008 15:48:07	6	3.308	2	0	
63	5	15-Mar-2008 14:56:52	4	2.740	2	1	
63	5	15-Mar-2008 14:56:58	8	1.193	2	1	
63	5	15-Mar-2008 14:57:02	4	0.594	2	1	
63	5	15-Mar-2008 14:57:07	6	0.659	1	1	
63	5	15-Mar-2008 14:57:11	6	0.493	1	1	
63	5	15-Mar-2008 14:57:15	4	0.277	2	1	
63	5	15-Mar-2008 14:57:20	8	0.421	1	1	
63	5	15-Mar-2008 14:57:24	4	0.495	1	1	
63	5	15-Mar-2008 14:57:29	8	0.424	1	1	
63	5	15-Mar-2008 14:57:32	4	0.307	2	1	
63	5	15-Mar-2008 14:57:37	8	0.450	1	1	
63	5	15-Mar-2008 14:57:42	6	0.359	2	1	
63	5	15-Mar-2008 14:57:46	4	1.444	2	1	
63	5	15-Mar-2008 14:57:52	8	1.139	1	1	
63	5	15-Mar-2008 14:57:56	4	0.511	1	1	
63	5	15-Mar-2008 14:58:01	6	0.721	1	1	
63	5	15-Mar-2008 14:58:05	8	0.176	2	1	
63	5	15-Mar-2008 14:58:11	4	1.829	2	1	
63	5	15-Mar-2008 14:58:14	4	0.357	2	1	
63	5	15-Mar-2008 14:58:20	4	1.986	2	1	
63	5	15-Mar-2008 14:58:24	6	0.341	1	1	
63	5	15-Mar-2008 14:58:29	4	1.252	1	1	
63	5	15-Mar-2008 14:58:39	6	5.829	2	0	
63	5	15-Mar-2008 14:58:43	8	0.346	2	1	
63	5	15-Mar-2008 14:58:47	4	0.247	2	1	
63	5	15-Mar-2008 14:58:51	4	0.202	2	1	
63	5	15-Mar-2008 14:58:55	4	0.382	2	1	
63	5	15-Mar-2008 14:58:59	6	0.662	2	1	
63	5	15-Mar-2008 14:59:04	6	0.688	2	1	
63	5	15-Mar-2008 14:59:08	6	0.410	1	1	
64	5	15-Mar-2008 15:34:18	4	1.463	2	1	
64	5	15-Mar-2008 15:34:25	8	2.306	2	1	
64	5	15-Mar-2008 15:34:30	4	1.613	2	1	
64	5	15-Mar-2008 15:34:34	6	0.480	1	1	
64	5	15-Mar-2008 15:34:39	6	0.527	1	1	
64	5	15-Mar-2008 15:34:43	4	0.625	2	1	
64	5	15-Mar-2008 15:34:48	8	0.702	1	1	
64	5	15-Mar-2008 15:34:52	4	0.255	1	1	
64	5	15-Mar-2008 15:34:57	8	0.624	1	1	
64	5	15-Mar-2008 15:35:05	4	4.515	2	1	
64	5	15-Mar-2008 15:35:11	8	1.823	1	1	
64	5	15-Mar-2008 15:35:16	6	0.424	2	1	
64	5	15-Mar-2008 15:35:20	4	1.183	2	1	
64	5	15-Mar-2008 15:35:26	8	0.873	1	1	
64	5	15-Mar-2008 15:35:37	4	7.650	1	1	
64	5	15-Mar-2008 15:35:41	6	0.290	1	1	
64	5	15-Mar-2008 15:35:53	8	6.350	-1	0	
64	5	15-Mar-2008 15:36:00	4	4.111	2	1	
64	5	15-Mar-2008 15:36:04	4	0.748	2	1	
64	5	15-Mar-2008 15:36:08	4	0.440	2	1	
64	5	15-Mar-2008 15:36:13	6	0.362	1	1	
64	5	15-Mar-2008 15:36:18	4	1.941	1	1	
64	5	15-Mar-2008 15:36:22	6	0.202	1	1	
64	5	15-Mar-2008 15:36:30	8	3.404	2	1	
64	5	15-Mar-2008 15:36:39	4	5.593	1	0	
64	5	15-Mar-2008 15:36:46	4	3.478	2	1	
64	5	15-Mar-2008 15:36:55	4	5.918	2	1	
64	5	15-Mar-2008 15:37:00	6	0.807	1	0	
64	5	15-Mar-2008 15:37:05	6	0.414	2	1	
64	5	15-Mar-2008 15:37:09	6	0.273	1	1	
201	4	16-Mar-2008 14:52:32	4	3.435	-1	0	
201	4	16-Mar-2008 14:52:39	8	1.935	2	0	
201	4	16-Mar-2008 14:52:43	4	0.877	1	1	
201	4	16-Mar-2008 14:52:47	4	0.413	1	0	
201	4	16-Mar-2008 14:52:52	8	0.367	2	1	
201	4	16-Mar-2008 14:52:56	6	0.336	2	1	
201	4	16-Mar-2008 14:53:00	4	0.413	1	0	
201	4	16-Mar-2008 14:53:05	8	0.366	1	0	
201	4	16-Mar-2008 14:53:09	4	0.434	1	0	
201	4	16-Mar-2008 14:53:14	8	0.483	2	0	
201	4	16-Mar-2008 14:53:17	4	0.395	1	0	
201	4	16-Mar-2008 14:53:22	8	0.342	2	1	
201	4	16-Mar-2008 14:53:26	6	0.325	2	1	
201	4	16-Mar-2008 14:53:30	4	0.486	2	0	
201	4	16-Mar-2008 14:53:35	8	0.284	1	1	
201	4	16-Mar-2008 14:53:39	4	0.315	2	1	
201	4	16-Mar-2008 14:53:43	6	0.325	2	0	
201	4	16-Mar-2008 14:53:48	8	0.442	1	1	
201	4	16-Mar-2008 14:53:51	4	0.324	2	0	
201	4	16-Mar-2008 14:53:55	6	0.322	2	1	
201	4	16-Mar-2008 14:53:59	4	0.288	1	1	
201	4	16-Mar-2008 14:54:03	4	0.387	2	1	
201	4	16-Mar-2008 14:54:07	6	0.314	1	0	
201	4	16-Mar-2008 14:54:11	4	0.386	2	0	
201	4	16-Mar-2008 14:54:15	4	0.365	1	1	
201	4	16-Mar-2008 14:54:19	4	0.391	1	1	
201	4	16-Mar-2008 14:54:23	8	0.278	2	1	
201	4	16-Mar-2008 14:54:27	6	0.312	2	1	
201	4	16-Mar-2008 14:54:32	8	0.447	2	1	
201	4	16-Mar-2008 14:54:36	4	0.431	2	1	
202	4	16-Mar-2008 15:23:52	8	2.624	2	1	
202	4	16-Mar-2008 15:23:59	6	2.873	1	0	
202	4	16-Mar-2008 15:24:03	4	0.497	2	1	
202	4	16-Mar-2008 15:24:09	6	2.146	2	0	
202	4	16-Mar-2008 15:24:13	4	0.529	2	1	
202	4	16-Mar-2008 15:24:18	8	0.624	1	1	
202	4	16-Mar-2008 15:24:24	4	2.320	2	0	
202	4	16-Mar-2008 15:24:28	4	0.400	2	1	
202	4	16-Mar-2008 15:24:33	8	0.570	2	1	
202	4	16-Mar-2008 15:24:38	6	1.769	1	1	
202	4	16-Mar-2008 15:24:43	8	0.567	1	1	
202	4	16-Mar-2008 15:24:47	4	0.458	2	1	
202	4	16-Mar-2008 15:24:51	4	0.388	2	0	
202	4	16-Mar-2008 15:24:54	4	0.371	1	1	
202	4	16-Mar-2008 15:24:59	6	0.635	1	0	
202	4	16-Mar-2008 15:25:05	4	2.378	1	0	
202	4	16-Mar-2008 15:25:09	8	0.341	1	1	
202	4	16-Mar-2008 15:25:14	6	1.144	1	0	
202	4	16-Mar-2008 15:25:20	8	0.681	1	0	
202	4	16-Mar-2008 15:25:24	4	0.686	1	1	
202	4	16-Mar-2008 15:25:30	8	1.223	1	0	
202	4	16-Mar-2008 15:25:35	6	1.814	2	0	
202	4	16-Mar-2008 15:25:41	8	1.018	1	0	
202	4	16-Mar-2008 15:25:46	4	1.716	2	0	
202	4	16-Mar-2008 15:25:50	4	1.042	1	1	
202	4	16-Mar-2008 15:25:55	4	1.159	2	0	
202	4	16-Mar-2008 15:25:59	6	0.464	1	0	
202	4	16-Mar-2008 15:26:03	4	0.457	1	0	
202	4	16-Mar-2008 15:26:07	4	0.835	2	0	
202	4	16-Mar-2008 15:26:11	4	0.142	1	0	
203	4	16-Mar-2008 15:45:52	4	1.467	1	1	
203	4	16-Mar-2008 15:45:56	6	0.265	1	1	
203	4	16-Mar-2008 15:46:01	8	0.965	2	1	
203	4	16-Mar-2008 15:46:05	6	0.272	2	1	
203	4	16-Mar-2008 15:46:10	8	0.220	2	1	
203	4	16-Mar-2008 15:46:14	6	0.403	1	1	
203	4	16-Mar-2008 15:46:19	4	1.014	2	1	
203	4	16-Mar-2008 15:46:23	6	0.408	1	1	
203	4	16-Mar-2008 15:46:27	4	0.391	2	1	
203	4	16-Mar-2008 15:46:31	6	0.000	1	1	
203	4	16-Mar-2008 15:46:35	8	0.319	1	1	
203	4	16-Mar-2008 15:46:39	4	0.439	2	1	
203	4	16-Mar-2008 15:46:43	4	0.198	1	1	
203	4	16-Mar-2008 15:46:47	8	0.332	2	1	
203	4	16-Mar-2008 15:46:51	4	0.330	1	1	
203	4	16-Mar-2008 15:46:55	6	0.001	1	1	
203	4	16-Mar-2008 15:46:58	4	0.228	1	1	
203	4	16-Mar-2008 15:47:02	4	0.359	2	1	
203	4	16-Mar-2008 15:47:06	4	0.149	2	1	
203	4	16-Mar-2008 15:47:10	8	0.500	1	1	
203	4	16-Mar-2008 15:47:18	6	3.693	2	1	
203	4	16-Mar-2008 15:47:22	4	0.575	1	1	
203	4	16-Mar-2008 15:47:26	4	0.194	1	1	
203	4	16-Mar-2008 15:47:30	8	0.303	1	1	
203	4	16-Mar-2008 15:47:34	4	0.259	2	1	
203	4	16-Mar-2008 15:47:38	8	0.150	2	1	
203	4	16-Mar-2008 15:47:42	4	0.516	1	1	
203	4	16-Mar-2008 15:47:47	4	1.160	2	1	
203	4	16-Mar-2008 15:47:52	8	0.325	1	1	
203	4	16-Mar-2008 15:47:58	6	2.430	1	1	
400	4	16-Mar-2008 11:49:27	4	14.770	1	0	
400	4	16-Mar-2008 11:49:33	8	0.820	1	1	
400	4	16-Mar-2008 11:49:38	4	1.246	1	1	
400	4	16-Mar-2008 11:49:42	4	1.079	2	1	
400	4	16-Mar-2008 11:49:48	8	1.525	2	1	
400	4	16-Mar-2008 11:49:53	6	0.795	2	1	
400	4	16-Mar-2008 11:50:00	4	4.072	1	0	
400	4	16-Mar-2008 11:50:06	8	1.444	1	0	
400	4	16-Mar-2008 11:50:10	4	0.132	2	1	
400	4	16-Mar-2008 11:50:16	8	1.660	1	1	
400	4	16-Mar-2008 11:50:20	4	0.370	2	1	
400	4	16-Mar-2008 11:50:25	8	0.825	2	1	
400	4	16-Mar-2008 11:50:31	6	1.663	1	0	
400	4	16-Mar-2008 11:50:35	4	0.773	1	1	
400	4	16-Mar-2008 11:50:41	8	1.279	2	0	
400	4	16-Mar-2008 11:50:48	4	4.119	1	0	
400	4	16-Mar-2008 11:50:56	6	3.342	2	0	
400	4	16-Mar-2008 11:51:01	8	0.393	2	0	
400	4	16-Mar-2008 11:51:05	4	1.155	2	0	
400	4	16-Mar-2008 11:51:10	6	0.394	1	0	
400	4	16-Mar-2008 11:51:14	4	1.044	1	1	
400	4	16-Mar-2008 11:51:21	4	3.013	1	0	
400	4	16-Mar-2008 11:51:25	6	0.622	1	0	
400	4	16-Mar-2008 11:51:29	4	0.735	1	1	
400	4	16-Mar-2008 11:51:35	4	2.635	2	0	
400	4	16-Mar-2008 11:51:43	4	4.360	1	1	
400	4	16-Mar-2008 11:51:48	8	0.699	1	0	
400	4	16-Mar-2008 11:51:53	6	0.467	1	0	
400	4	16-Mar-2008 11:51:58	8	0.087	1	0	
400	4	16-Mar-2008 11:52:02	4	1.276	1	0	
204	5	16-Mar-2008 15:48:54	4	0.192	2	1	
204	5	16-Mar-2008 15:48:59	8	0.284	2	1	
204	5	16-Mar-2008 15:49:03	4	0.363	2	1	
204	5	16-Mar-2008 15:49:07	6	0.269	1	1	
204	5	16-Mar-2008 15:49:11	6	0.469	1	1	
204	5	16-Mar-2008 15:49:15	4	0.074	2	1	
204	5	16-Mar-2008 15:49:19	8	0.004	1	1	
204	5	16-Mar-2008 15:49:23	4	0.125	1	1	
204	5	16-Mar-2008 15:49:28	8	0.069	1	1	
204	5	16-Mar-2008 15:49:31	4	0.076	2	1	
204	5	16-Mar-2008 15:49:36	8	0.068	1	1	
204	5	16-Mar-2008 15:49:40	6	0.101	2	1	
204	5	16-Mar-2008 15:49:44	4	0.219	2	1	
204	5	16-Mar-2008 15:49:48	8	0.109	1	1	
204	5	16-Mar-2008 15:49:52	4	0.178	1	1	
204	5	16-Mar-2008 15:49:56	6	0.177	1	1	
204	5	16-Mar-2008 15:50:01	8	0.037	2	1	
204	5	16-Mar-2008 15:50:05	4	0.269	2	1	
204	5	16-Mar-2008 15:50:08	4	0.287	2	1	
204	5	16-Mar-2008 15:50:12	4	0.095	2	1	
204	5	16-Mar-2008 15:50:16	6	0.210	1	1	
204	5	16-Mar-2008 15:50:20	4	0.051	1	1	
204	5	16-Mar-2008 15:50:24	6	0.135	1	1	
204	5	16-Mar-2008 15:50:29	8	0.218	2	1	
204	5	16-Mar-2008 15:50:32	4	0.234	2	1	
204	5	16-Mar-2008 15:50:36	4	0.317	2	1	
204	5	16-Mar-2008 15:50:40	4	0.072	2	1	
204	5	16-Mar-2008 15:50:44	6	0.173	2	1	
204	5	16-Mar-2008 15:50:48	6	0.088	2	1	
204	5	16-Mar-2008 15:50:52	6	0.328	1	1	
