1	1200	23-Mar-2007 13:35:50	4	1.367	2	1	
1	1200	23-Mar-2007 13:35:55	8	0.509	2	1	
1	1200	23-Mar-2007 13:36:01	6	2.057	2	1	
1	1200	23-Mar-2007 13:36:06	6	0.853	1	0	
1	1200	23-Mar-2007 13:36:12	4	3.226	1	0	
1	1200	23-Mar-2007 13:36:18	8	0.830	1	0	
1	1200	23-Mar-2007 13:36:23	4	1.839	2	1	
1	1200	23-Mar-2007 13:36:28	6	1.077	2	0	
1	1200	23-Mar-2007 13:36:33	8	0.788	2	1	
1	1200	23-Mar-2007 13:36:39	4	3.147	2	1	
1	1200	23-Mar-2007 13:36:43	4	0.719	2	1	
1	1200	23-Mar-2007 13:36:50	6	2.970	1	1	
1	1200	23-Mar-2007 13:36:55	6	0.862	1	0	
1	1200	23-Mar-2007 13:37:02	6	3.108	2	0	
1	1200	23-Mar-2007 13:37:07	8	0.973	1	1	
1	1200	23-Mar-2007 13:37:14	4	3.834	2	1	
1	1200	23-Mar-2007 13:37:20	8	0.807	1	1	
1	1200	23-Mar-2007 13:37:24	4	1.364	1	0	
1	1200	23-Mar-2007 13:37:29	8	0.136	2	1	
1	1200	23-Mar-2007 13:37:36	6	2.954	2	1	
1	1200	23-Mar-2007 13:37:40	8	0.536	2	1	
1	1200	23-Mar-2007 13:37:46	8	0.895	1	1	
1	1200	23-Mar-2007 13:37:53	6	3.842	2	1	
1	1200	23-Mar-2007 13:37:59	8	0.958	1	1	
1	1200	23-Mar-2007 13:38:04	6	1.144	2	0	
1	1200	23-Mar-2007 13:38:09	6	1.717	2	1	
1	1200	23-Mar-2007 13:38:14	8	0.529	1	1	
1	1200	23-Mar-2007 13:38:19	4	1.432	1	1	
1	1200	23-Mar-2007 13:38:23	4	0.503	1	0	
1	1200	23-Mar-2007 13:38:27	6	0.567	2	1	
2	600	26-Mar-2007 11:54:32	4	2.809	1	1	
2	600	26-Mar-2007 11:54:37	8	0.609	1	1	
2	600	26-Mar-2007 11:54:41	4	1.101	1	1	
2	600	26-Mar-2007 11:54:45	4	0.550	1	1	
2	600	26-Mar-2007 11:54:49	6	0.454	2	1	
2	600	26-Mar-2007 11:54:53	4	0.459	2	1	
2	600	26-Mar-2007 11:54:58	8	0.361	1	1	
2	600	26-Mar-2007 11:55:02	6	0.402	2	1	
2	600	26-Mar-2007 11:55:07	8	0.304	1	1	
2	600	26-Mar-2007 11:55:11	4	1.283	1	1	
2	600	26-Mar-2007 11:55:16	8	0.305	1	1	
2	600	26-Mar-2007 11:55:20	6	0.296	1	1	
2	600	26-Mar-2007 11:55:25	6	0.336	1	1	
2	600	26-Mar-2007 11:55:29	8	0.339	2	1	
2	600	26-Mar-2007 11:55:33	4	0.229	1	1	
2	600	26-Mar-2007 11:55:37	6	0.505	1	1	
2	600	26-Mar-2007 11:55:42	8	0.300	2	1	
2	600	26-Mar-2007 11:55:46	6	0.520	2	1	
2	600	26-Mar-2007 11:55:51	8	0.328	2	1	
2	600	26-Mar-2007 11:55:55	6	0.737	1	0	
2	600	26-Mar-2007 11:56:00	8	0.306	1	1	
2	600	26-Mar-2007 11:56:04	4	0.352	1	1	
2	600	26-Mar-2007 11:56:08	6	0.263	1	1	
2	600	26-Mar-2007 11:56:12	6	0.414	2	1	
2	600	26-Mar-2007 11:56:17	8	0.262	1	1	
2	600	26-Mar-2007 11:56:22	8	0.296	2	1	
2	600	26-Mar-2007 11:56:26	6	0.266	1	1	
2	600	26-Mar-2007 11:56:30	8	0.421	1	0	
2	600	26-Mar-2007 11:56:35	8	0.407	1	0	
2	600	26-Mar-2007 11:56:40	8	0.242	1	1	
3	900	27-Mar-2007 13:41:03	8	0.313	2	1	
3	900	27-Mar-2007 13:41:07	6	0.290	2	1	
3	900	27-Mar-2007 13:41:12	4	1.703	2	1	
3	900	27-Mar-2007 13:41:17	8	0.060	1	0	
3	900	27-Mar-2007 13:41:20	4	0.258	1	1	
3	900	27-Mar-2007 13:41:25	6	0.636	1	1	
3	900	27-Mar-2007 13:41:28	4	0.231	2	1	
3	900	27-Mar-2007 13:41:32	6	0.117	2	1	
3	900	27-Mar-2007 13:41:36	6	0.170	1	0	
3	900	27-Mar-2007 13:41:40	4	0.217	1	0	
3	900	27-Mar-2007 13:41:44	6	0.181	2	0	
3	900	27-Mar-2007 13:41:48	8	0.214	1	0	
3	900	27-Mar-2007 13:41:53	6	0.276	2	0	
3	900	27-Mar-2007 13:41:57	8	0.174	1	1	
3	900	27-Mar-2007 13:42:02	8	0.169	1	0	
3	900	27-Mar-2007 13:42:06	8	0.359	2	0	
3	900	27-Mar-2007 13:42:10	6	0.149	1	0	
3	900	27-Mar-2007 13:42:15	8	0.164	1	1	
3	900	27-Mar-2007 13:42:19	6	0.340	2	1	
3	900	27-Mar-2007 13:42:24	8	0.240	1	0	
3	900	27-Mar-2007 13:42:28	6	0.588	2	0	
3	900	27-Mar-2007 13:42:32	4	0.403	2	1	
3	900	27-Mar-2007 13:42:36	4	0.378	1	1	
3	900	27-Mar-2007 13:42:41	8	0.483	2	1	
3	900	27-Mar-2007 13:42:45	6	0.799	1	0	
3	900	27-Mar-2007 13:42:50	4	0.538	1	1	
3	900	27-Mar-2007 13:42:54	8	0.158	2	1	
3	900	27-Mar-2007 13:42:58	6	0.242	2	0	
3	900	27-Mar-2007 13:43:02	4	0.099	1	1	
3	900	27-Mar-2007 13:43:06	8	0.354	2	1	
4	300	27-Mar-2007 13:56:04	6	3.754	2	1	
4	300	27-Mar-2007 13:56:08	4	1.167	2	1	
4	300	27-Mar-2007 13:56:13	6	0.752	2	1	
4	300	27-Mar-2007 13:56:23	8	5.317	2	1	
4	300	27-Mar-2007 13:56:27	4	0.878	2	1	
4	300	27-Mar-2007 13:56:34	6	2.866	2	1	
4	300	27-Mar-2007 13:56:38	6	0.582	2	1	
4	300	27-Mar-2007 13:56:43	8	0.900	1	1	
4	300	27-Mar-2007 13:56:48	6	0.626	1	1	
4	300	27-Mar-2007 13:56:52	4	0.425	2	1	
4	300	27-Mar-2007 13:56:56	6	0.980	1	1	
4	300	27-Mar-2007 13:57:01	4	0.943	1	1	
4	300	27-Mar-2007 13:57:06	8	0.590	2	1	
4	300	27-Mar-2007 13:57:11	6	0.966	1	1	
4	300	27-Mar-2007 13:57:16	4	1.882	2	0	
4	300	27-Mar-2007 13:57:23	8	2.445	2	1	
4	300	27-Mar-2007 13:57:28	6	1.448	1	1	
4	300	27-Mar-2007 13:57:32	4	0.551	1	1	
4	300	27-Mar-2007 13:57:36	6	0.562	2	1	
4	300	27-Mar-2007 13:57:41	4	0.786	2	0	
4	300	27-Mar-2007 13:57:45	6	0.608	2	1	
4	300	27-Mar-2007 13:57:49	6	0.537	2	1	
4	300	27-Mar-2007 13:57:55	8	0.790	1	1	
4	300	27-Mar-2007 13:57:58	4	0.537	1	0	
4	300	27-Mar-2007 13:58:06	6	4.005	1	1	
4	300	27-Mar-2007 13:58:13	8	2.217	2	0	
4	300	27-Mar-2007 13:58:17	4	0.500	2	1	
4	300	27-Mar-2007 13:58:23	6	2.031	1	0	
4	300	27-Mar-2007 13:58:28	4	1.540	1	0	
4	300	27-Mar-2007 13:58:33	8	0.649	2	1	
6	600	27-Mar-2007 14:42:56	6	1.083	2	1	
6	600	27-Mar-2007 14:43:01	4	0.920	1	1	
6	600	27-Mar-2007 14:43:06	8	0.627	2	1	
6	600	27-Mar-2007 14:43:11	4	1.702	1	1	
6	600	27-Mar-2007 14:43:24	8	8.984	2	1	
6	600	27-Mar-2007 14:43:28	6	0.438	1	1	
6	600	27-Mar-2007 14:43:40	8	7.260	1	0	
6	600	27-Mar-2007 14:43:56	6	11.486	-1	0	
6	600	27-Mar-2007 14:44:02	6	1.910	2	1	
6	600	27-Mar-2007 14:44:07	8	0.501	2	0	
6	600	27-Mar-2007 14:44:11	4	1.284	2	1	
6	600	27-Mar-2007 14:44:15	4	0.590	1	1	
6	600	27-Mar-2007 14:44:21	6	1.559	2	1	
6	600	27-Mar-2007 14:44:26	8	1.084	1	1	
6	600	27-Mar-2007 14:44:36	4	6.844	2	0	
6	600	27-Mar-2007 14:44:50	6	9.968	2	0	
6	600	27-Mar-2007 14:45:50	8	55.997	1	0	
6	600	27-Mar-2007 14:45:55	4	1.194	1	0	
6	600	27-Mar-2007 14:46:00	8	0.621	1	1	
6	600	27-Mar-2007 14:46:09	4	5.607	-1	0	
6	600	27-Mar-2007 14:46:14	4	1.232	1	0	
6	600	27-Mar-2007 14:46:19	4	1.493	1	1	
6	600	27-Mar-2007 14:46:24	6	1.632	2	0	
6	600	27-Mar-2007 14:46:29	8	0.665	2	0	
6	600	27-Mar-2007 14:46:34	4	1.185	2	0	
6	600	27-Mar-2007 14:46:38	8	0.183	1	0	
6	600	27-Mar-2007 14:46:42	4	0.690	1	1	
6	600	27-Mar-2007 14:46:47	8	0.259	1	0	
6	600	27-Mar-2007 14:46:51	4	0.820	2	1	
6	600	27-Mar-2007 14:47:01	8	5.568	2	1	
7	900	27-Mar-2007 16:23:57	4	0.292	2	1	
7	900	27-Mar-2007 16:24:03	8	1.518	1	1	
7	900	27-Mar-2007 16:24:07	6	0.274	2	1	
7	900	27-Mar-2007 16:24:12	8	0.272	2	1	
7	900	27-Mar-2007 16:24:16	6	0.250	2	1	
7	900	27-Mar-2007 16:24:20	4	0.360	2	1	
7	900	27-Mar-2007 16:24:24	6	0.316	2	1	
7	900	27-Mar-2007 16:24:27	4	0.233	2	1	
7	900	27-Mar-2007 16:24:31	4	0.210	2	1	
7	900	27-Mar-2007 16:24:35	8	0.155	2	1	
7	900	27-Mar-2007 16:24:40	8	0.223	2	1	
7	900	27-Mar-2007 16:24:44	6	0.165	2	1	
7	900	27-Mar-2007 16:24:48	4	0.249	2	1	
7	900	27-Mar-2007 16:24:51	4	0.358	2	1	
7	900	27-Mar-2007 16:24:55	6	0.210	1	1	
7	900	27-Mar-2007 16:24:59	6	0.215	1	1	
7	900	27-Mar-2007 16:25:03	4	0.103	1	1	
7	900	27-Mar-2007 16:25:07	4	0.473	1	1	
7	900	27-Mar-2007 16:25:11	6	0.238	1	1	
7	900	27-Mar-2007 16:25:15	8	0.204	1	1	
7	900	27-Mar-2007 16:25:19	4	0.203	1	1	
7	900	27-Mar-2007 16:25:23	8	0.178	2	1	
7	900	27-Mar-2007 16:25:27	6	0.215	1	1	
7	900	27-Mar-2007 16:25:32	8	0.141	2	1	
7	900	27-Mar-2007 16:25:36	6	0.228	2	1	
7	900	27-Mar-2007 16:25:40	6	0.210	1	1	
7	900	27-Mar-2007 16:25:44	8	0.008	2	1	
7	900	27-Mar-2007 16:25:49	6	0.236	2	1	
7	900	27-Mar-2007 16:25:52	4	0.401	1	1	
7	900	27-Mar-2007 16:25:56	4	0.228	2	1	
8	1200	06-Apr-2007 16:18:03	6	2.829	-1	0	
8	1200	06-Apr-2007 16:18:12	4	5.266	1	0	
8	1200	06-Apr-2007 16:18:17	6	0.999	1	0	
8	1200	06-Apr-2007 16:18:21	4	0.404	1	1	
8	1200	06-Apr-2007 16:18:25	6	0.364	2	1	
8	1200	06-Apr-2007 16:18:29	4	0.353	1	1	
8	1200	06-Apr-2007 16:18:34	8	0.966	2	1	
8	1200	06-Apr-2007 16:18:39	4	1.387	2	1	
8	1200	06-Apr-2007 16:18:44	8	0.344	1	1	
8	1200	06-Apr-2007 16:18:48	4	0.831	2	1	
8	1200	06-Apr-2007 16:18:53	8	0.634	1	1	
8	1200	06-Apr-2007 16:18:57	4	0.478	2	1	
8	1200	06-Apr-2007 16:19:00	4	0.584	1	1	
8	1200	06-Apr-2007 16:19:06	8	1.133	1	1	
8	1200	06-Apr-2007 16:19:11	4	1.596	1	1	
8	1200	06-Apr-2007 16:19:16	8	0.377	2	1	
8	1200	06-Apr-2007 16:19:19	4	0.395	1	1	
8	1200	06-Apr-2007 16:19:23	6	0.348	2	0	
8	1200	06-Apr-2007 16:19:27	4	0.572	1	1	
8	1200	06-Apr-2007 16:19:33	8	1.352	2	1	
8	1200	06-Apr-2007 16:19:37	4	0.847	2	1	
8	1200	06-Apr-2007 16:19:42	6	0.401	2	1	
8	1200	06-Apr-2007 16:19:47	8	1.181	2	1	
8	1200	06-Apr-2007 16:19:51	6	0.170	1	1	
8	1200	06-Apr-2007 16:19:54	4	0.000	2	1	
8	1200	06-Apr-2007 16:19:59	6	0.455	2	1	
8	1200	06-Apr-2007 16:20:03	8	0.259	2	1	
8	1200	06-Apr-2007 16:20:08	6	0.545	2	1	
8	1200	06-Apr-2007 16:20:12	6	0.306	2	1	
8	1200	06-Apr-2007 16:20:18	8	1.907	2	0	
9	300	17-Apr-2007 11:15:30	8	2.268	2	1	
9	300	17-Apr-2007 11:15:36	8	1.584	2	1	
9	300	17-Apr-2007 11:15:40	4	1.066	2	1	
9	300	17-Apr-2007 11:15:46	8	0.791	1	1	
9	300	17-Apr-2007 11:15:50	6	0.784	1	1	
9	300	17-Apr-2007 11:15:55	8	0.463	2	1	
9	300	17-Apr-2007 11:15:59	6	0.496	1	1	
9	300	17-Apr-2007 11:16:04	8	0.448	1	1	
9	300	17-Apr-2007 11:16:09	6	1.021	1	1	
9	300	17-Apr-2007 11:16:14	8	0.432	1	1	
9	300	17-Apr-2007 11:16:19	4	1.945	2	1	
9	300	17-Apr-2007 11:16:25	6	1.971	1	0	
9	300	17-Apr-2007 11:16:29	4	0.458	1	1	
9	300	17-Apr-2007 11:16:34	8	0.375	2	1	
9	300	17-Apr-2007 11:16:39	6	1.273	1	1	
9	300	17-Apr-2007 11:16:43	4	0.815	2	1	
9	300	17-Apr-2007 11:16:48	6	0.631	1	0	
9	300	17-Apr-2007 11:16:52	6	0.613	1	0	
9	300	17-Apr-2007 11:16:56	4	0.639	2	1	
9	300	17-Apr-2007 11:17:01	8	0.274	1	0	
9	300	17-Apr-2007 11:17:06	4	1.764	2	1	
9	300	17-Apr-2007 11:17:11	8	0.972	1	0	
9	300	17-Apr-2007 11:17:16	8	0.182	2	1	
9	300	17-Apr-2007 11:17:20	4	1.395	2	1	
9	300	17-Apr-2007 11:17:26	6	1.594	2	1	
9	300	17-Apr-2007 11:17:30	6	0.738	2	1	
9	300	17-Apr-2007 11:17:35	6	0.994	2	0	
9	300	17-Apr-2007 11:17:41	4	1.990	1	0	
9	300	17-Apr-2007 11:17:45	4	0.902	1	1	
9	300	17-Apr-2007 11:17:51	4	2.194	2	0	
10	600	17-Apr-2007 11:39:35	6	11.566	2	0	
10	600	17-Apr-2007 11:39:41	6	2.768	1	1	
10	600	17-Apr-2007 11:39:47	8	0.918	1	1	
10	600	17-Apr-2007 11:39:52	8	1.332	1	1	
10	600	17-Apr-2007 11:39:56	4	0.683	1	1	
10	600	17-Apr-2007 11:40:00	4	0.602	1	1	
10	600	17-Apr-2007 11:40:07	4	2.993	2	1	
10	600	17-Apr-2007 11:40:11	6	0.809	2	1	
10	600	17-Apr-2007 11:40:17	8	1.267	1	1	
10	600	17-Apr-2007 11:40:22	4	1.224	1	0	
10	600	17-Apr-2007 11:40:26	4	0.731	2	1	
10	600	17-Apr-2007 11:40:31	8	1.087	1	1	
10	600	17-Apr-2007 11:40:35	4	0.542	1	1	
10	600	17-Apr-2007 11:40:48	6	8.867	1	1	
10	600	17-Apr-2007 11:40:53	8	0.572	1	1	
10	600	17-Apr-2007 11:40:58	8	1.464	2	1	
10	600	17-Apr-2007 11:41:04	6	1.680	2	1	
10	600	17-Apr-2007 11:41:09	4	1.486	1	1	
10	600	17-Apr-2007 11:41:15	6	2.683	1	0	
10	600	17-Apr-2007 11:41:19	4	0.693	1	1	
10	600	17-Apr-2007 11:41:26	8	1.751	1	0	
10	600	17-Apr-2007 11:41:31	8	1.162	2	1	
10	600	17-Apr-2007 11:41:38	4	3.675	2	1	
10	600	17-Apr-2007 11:41:43	8	0.698	2	1	
10	600	17-Apr-2007 11:41:51	4	4.658	2	1	
10	600	17-Apr-2007 11:41:56	6	0.542	2	0	
10	600	17-Apr-2007 11:42:00	4	0.756	1	1	
10	600	17-Apr-2007 11:42:05	8	0.746	1	1	
10	600	17-Apr-2007 11:42:10	4	1.872	1	1	
10	600	17-Apr-2007 11:42:14	4	1.025	1	1	
11	900	17-Apr-2007 12:06:25	6	3.684	1	1	
11	900	17-Apr-2007 12:06:32	4	3.374	2	0	
11	900	17-Apr-2007 12:06:37	8	0.859	2	1	
11	900	17-Apr-2007 12:06:42	6	1.095	1	1	
11	900	17-Apr-2007 12:06:47	4	1.341	1	1	
11	900	17-Apr-2007 12:06:52	8	0.326	2	1	
11	900	17-Apr-2007 12:06:56	6	0.734	2	0	
11	900	17-Apr-2007 12:07:00	4	0.480	1	1	
11	900	17-Apr-2007 12:07:04	6	0.609	2	1	
11	900	17-Apr-2007 12:07:08	4	0.596	2	1	
11	900	17-Apr-2007 12:07:13	6	0.835	1	1	
11	900	17-Apr-2007 12:07:18	6	0.504	2	0	
11	900	17-Apr-2007 12:07:22	8	0.270	1	1	
11	900	17-Apr-2007 12:07:27	4	1.430	2	1	
11	900	17-Apr-2007 12:07:33	6	1.730	2	1	
11	900	17-Apr-2007 12:07:38	8	1.096	1	0	
11	900	17-Apr-2007 12:07:42	4	0.283	1	1	
11	900	17-Apr-2007 12:07:46	6	0.314	2	0	
11	900	17-Apr-2007 12:07:50	4	0.336	2	1	
11	900	17-Apr-2007 12:07:54	8	0.250	1	1	
11	900	17-Apr-2007 12:07:59	6	1.335	2	0	
11	900	17-Apr-2007 12:08:04	8	0.589	2	1	
11	900	17-Apr-2007 12:08:08	4	0.695	1	1	
11	900	17-Apr-2007 12:08:13	6	1.264	2	0	
11	900	17-Apr-2007 12:08:18	6	0.466	2	1	
11	900	17-Apr-2007 12:08:23	8	0.390	1	1	
11	900	17-Apr-2007 12:08:27	8	0.409	1	1	
11	900	17-Apr-2007 12:08:32	6	0.977	1	0	
11	900	17-Apr-2007 12:08:37	6	0.783	1	0	
11	900	17-Apr-2007 12:08:40	4	0.305	1	1	
13	300	17-Apr-2007 12:23:40	4	4.465	2	1	
13	300	17-Apr-2007 12:23:48	6	3.754	2	1	
13	300	17-Apr-2007 12:23:53	8	0.976	2	1	
13	300	17-Apr-2007 12:23:58	6	1.463	1	0	
13	300	17-Apr-2007 12:24:04	8	0.850	2	1	
13	300	17-Apr-2007 12:24:09	6	1.489	2	1	
13	300	17-Apr-2007 12:24:14	8	0.617	2	1	
13	300	17-Apr-2007 12:24:18	4	0.859	1	1	
13	300	17-Apr-2007 12:24:23	6	0.536	2	1	
13	300	17-Apr-2007 12:24:27	4	0.882	1	1	
13	300	17-Apr-2007 12:24:31	6	0.588	2	1	
13	300	17-Apr-2007 12:24:35	4	0.318	2	1	
13	300	17-Apr-2007 12:24:40	6	0.705	1	0	
13	300	17-Apr-2007 12:24:44	6	0.447	2	1	
13	300	17-Apr-2007 12:24:49	8	0.414	2	1	
13	300	17-Apr-2007 12:24:53	6	0.581	2	1	
13	300	17-Apr-2007 12:24:57	4	0.672	1	1	
13	300	17-Apr-2007 12:25:02	8	0.209	2	0	
13	300	17-Apr-2007 12:25:07	8	1.061	1	1	
13	300	17-Apr-2007 12:25:12	6	0.263	1	1	
13	300	17-Apr-2007 12:25:15	4	0.589	1	1	
13	300	17-Apr-2007 12:25:20	6	0.495	2	1	
13	300	17-Apr-2007 12:25:24	4	0.867	1	1	
13	300	17-Apr-2007 12:25:29	6	0.718	1	1	
13	300	17-Apr-2007 12:25:33	6	0.721	1	1	
13	300	17-Apr-2007 12:25:39	4	2.321	2	0	
13	300	17-Apr-2007 12:25:44	8	0.528	1	0	
13	300	17-Apr-2007 12:25:48	6	0.482	2	1	
13	300	17-Apr-2007 12:25:52	6	0.346	1	0	
13	300	17-Apr-2007 12:25:58	8	1.285	2	1	
14	600	17-Apr-2007 13:07:19	4	1.247	1	1	
14	600	17-Apr-2007 13:07:24	6	1.551	1	1	
14	600	17-Apr-2007 13:07:28	6	0.462	1	1	
14	600	17-Apr-2007 13:07:33	6	0.377	2	1	
14	600	17-Apr-2007 13:07:37	4	0.621	1	1	
14	600	17-Apr-2007 13:07:45	4	5.112	1	1	
14	600	17-Apr-2007 13:07:53	4	4.597	2	1	
14	600	17-Apr-2007 13:07:57	6	0.200	2	1	
14	600	17-Apr-2007 13:08:02	6	0.531	1	1	
14	600	17-Apr-2007 13:08:07	8	0.754	1	1	
14	600	17-Apr-2007 13:08:11	6	0.311	2	1	
14	600	17-Apr-2007 13:08:16	4	1.746	1	1	
14	600	17-Apr-2007 13:08:20	4	0.683	2	1	
14	600	17-Apr-2007 13:08:24	8	0.171	2	1	
14	600	17-Apr-2007 13:08:30	4	2.159	2	1	
14	600	17-Apr-2007 13:08:34	6	0.246	2	1	
14	600	17-Apr-2007 13:08:39	4	1.701	1	1	
14	600	17-Apr-2007 13:08:43	6	0.127	2	1	
14	600	17-Apr-2007 13:08:47	8	0.061	1	1	
14	600	17-Apr-2007 13:08:52	4	1.631	2	1	
14	600	17-Apr-2007 13:08:57	6	0.187	1	1	
14	600	17-Apr-2007 13:09:01	8	0.224	1	1	
14	600	17-Apr-2007 13:09:05	6	0.115	2	1	
14	600	17-Apr-2007 13:09:10	8	0.101	1	1	
14	600	17-Apr-2007 13:09:18	8	3.751	1	1	
14	600	17-Apr-2007 13:09:23	4	1.523	1	0	
14	600	17-Apr-2007 13:09:26	4	0.396	1	1	
14	600	17-Apr-2007 13:09:30	6	0.079	2	1	
14	600	17-Apr-2007 13:09:37	8	2.310	1	0	
14	600	17-Apr-2007 13:09:41	6	0.139	1	1	
15	900	17-Apr-2007 14:02:09	6	2.555	-1	0	
15	900	17-Apr-2007 14:02:14	4	1.206	1	1	
15	900	17-Apr-2007 14:02:18	6	0.840	1	1	
15	900	17-Apr-2007 14:02:23	8	0.409	2	1	
15	900	17-Apr-2007 14:02:28	8	0.420	2	1	
15	900	17-Apr-2007 14:02:32	6	0.303	2	1	
15	900	17-Apr-2007 14:02:37	8	0.422	1	1	
15	900	17-Apr-2007 14:02:44	8	2.752	2	1	
15	900	17-Apr-2007 14:02:49	8	0.670	2	1	
15	900	17-Apr-2007 14:02:53	4	0.608	2	1	
15	900	17-Apr-2007 14:02:57	6	0.284	1	1	
15	900	17-Apr-2007 14:03:02	6	0.755	2	1	
15	900	17-Apr-2007 14:03:07	8	0.569	2	1	
15	900	17-Apr-2007 14:03:13	6	2.277	1	1	
15	900	17-Apr-2007 14:03:18	8	0.836	2	1	
15	900	17-Apr-2007 14:03:26	4	4.469	1	0	
15	900	17-Apr-2007 14:03:32	8	1.465	2	1	
15	900	17-Apr-2007 14:03:37	8	0.284	1	1	
15	900	17-Apr-2007 14:03:41	8	0.492	2	1	
15	900	17-Apr-2007 14:03:46	6	0.477	2	1	
15	900	17-Apr-2007 14:03:51	4	1.416	1	0	
15	900	17-Apr-2007 14:03:56	8	0.609	2	1	
15	900	17-Apr-2007 14:04:00	6	0.396	2	1	
15	900	17-Apr-2007 14:04:06	8	1.597	2	1	
15	900	17-Apr-2007 14:04:11	6	1.187	1	1	
15	900	17-Apr-2007 14:04:15	4	0.470	2	1	
15	900	17-Apr-2007 14:04:19	8	0.256	2	1	
15	900	17-Apr-2007 14:04:24	8	0.793	2	1	
15	900	17-Apr-2007 14:04:29	6	0.419	2	1	
15	900	17-Apr-2007 14:04:34	8	1.097	2	1	
16	1200	17-Apr-2007 14:40:43	8	2.220	2	1	
16	1200	17-Apr-2007 14:40:49	8	1.649	1	1	
16	1200	17-Apr-2007 14:40:56	4	3.803	2	0	
16	1200	17-Apr-2007 14:41:01	6	1.005	1	1	
16	1200	17-Apr-2007 14:41:07	6	2.028	2	1	
16	1200	17-Apr-2007 14:41:12	8	1.008	1	1	
16	1200	17-Apr-2007 14:41:16	4	0.931	1	1	
16	1200	17-Apr-2007 14:41:22	8	0.907	1	1	
16	1200	17-Apr-2007 14:41:27	6	1.237	2	1	
16	1200	17-Apr-2007 14:41:31	6	0.724	2	1	
16	1200	17-Apr-2007 14:41:36	4	1.622	2	1	
16	1200	17-Apr-2007 14:41:42	8	1.639	2	1	
16	1200	17-Apr-2007 14:41:48	4	2.250	1	1	
16	1200	17-Apr-2007 14:41:53	6	1.050	2	1	
16	1200	17-Apr-2007 14:41:58	6	1.280	2	1	
16	1200	17-Apr-2007 14:42:03	8	0.718	2	1	
16	1200	17-Apr-2007 14:42:08	6	1.101	1	1	
16	1200	17-Apr-2007 14:42:12	6	0.670	1	1	
16	1200	17-Apr-2007 14:42:18	6	1.676	2	1	
16	1200	17-Apr-2007 14:42:25	4	3.772	2	1	
16	1200	17-Apr-2007 14:42:30	4	1.714	1	0	
16	1200	17-Apr-2007 14:42:35	8	0.729	2	1	
16	1200	17-Apr-2007 14:42:40	6	0.714	2	1	
16	1200	17-Apr-2007 14:42:44	4	0.898	1	0	
16	1200	17-Apr-2007 14:42:49	6	0.543	2	1	
16	1200	17-Apr-2007 14:42:53	6	0.602	1	1	
16	1200	17-Apr-2007 14:42:58	8	0.748	2	1	
16	1200	17-Apr-2007 14:43:04	4	2.026	1	1	
16	1200	17-Apr-2007 14:43:09	8	0.613	1	1	
16	1200	17-Apr-2007 14:43:14	4	1.841	1	1	
17	300	17-Apr-2007 15:15:11	6	5.183	1	1	
17	300	17-Apr-2007 15:15:16	6	0.960	1	1	
17	300	17-Apr-2007 15:15:21	4	2.205	2	1	
17	300	17-Apr-2007 15:15:26	6	1.128	2	1	
17	300	17-Apr-2007 15:15:33	8	1.975	1	0	
17	300	17-Apr-2007 15:15:38	8	0.989	1	1	
17	300	17-Apr-2007 15:15:43	6	0.924	1	1	
17	300	17-Apr-2007 15:15:47	4	0.796	1	0	
17	300	17-Apr-2007 15:15:51	4	0.649	2	1	
17	300	17-Apr-2007 15:15:56	8	0.998	2	1	
17	300	17-Apr-2007 15:16:00	4	0.585	1	0	
17	300	17-Apr-2007 15:16:05	6	0.544	2	1	
17	300	17-Apr-2007 15:16:10	4	1.725	1	1	
17	300	17-Apr-2007 15:16:14	4	0.494	1	0	
17	300	17-Apr-2007 15:16:18	4	0.613	1	1	
17	300	17-Apr-2007 15:16:23	8	0.639	2	0	
17	300	17-Apr-2007 15:16:27	4	0.577	1	1	
17	300	17-Apr-2007 15:16:34	8	2.303	2	1	
17	300	17-Apr-2007 15:16:38	6	0.609	1	1	
17	300	17-Apr-2007 15:16:43	8	0.904	1	0	
17	300	17-Apr-2007 15:16:49	6	1.626	2	0	
17	300	17-Apr-2007 15:16:53	4	0.460	2	1	
17	300	17-Apr-2007 15:16:57	6	0.546	1	1	
17	300	17-Apr-2007 15:17:02	6	0.812	1	1	
17	300	17-Apr-2007 15:17:06	4	1.013	1	0	
17	300	17-Apr-2007 15:17:11	4	1.704	1	0	
17	300	17-Apr-2007 15:17:16	8	0.498	2	1	
17	300	17-Apr-2007 15:17:21	4	2.041	1	0	
17	300	17-Apr-2007 15:17:26	6	0.695	1	0	
17	300	17-Apr-2007 15:17:31	8	0.726	1	1	
19	900	02-May-2007 11:07:53	4	9.585	2	1	
19	900	02-May-2007 11:08:00	8	2.370	1	1	
19	900	02-May-2007 11:08:05	6	1.029	1	1	
19	900	02-May-2007 11:08:09	4	0.742	2	1	
19	900	02-May-2007 11:08:17	6	4.175	1	1	
19	900	02-May-2007 11:08:22	4	0.902	1	1	
19	900	02-May-2007 11:08:27	6	1.824	1	0	
19	900	02-May-2007 11:08:32	6	0.389	1	1	
19	900	02-May-2007 11:08:36	8	0.401	1	1	
19	900	02-May-2007 11:08:40	4	0.644	2	1	
19	900	02-May-2007 11:08:45	6	0.700	1	1	
19	900	02-May-2007 11:08:50	8	0.283	2	0	
19	900	02-May-2007 11:08:53	4	0.448	2	1	
19	900	02-May-2007 11:08:58	6	0.560	2	1	
19	900	02-May-2007 11:09:02	4	0.225	1	1	
19	900	02-May-2007 11:09:06	8	0.134	1	1	
19	900	02-May-2007 11:09:10	6	0.188	1	1	
19	900	02-May-2007 11:09:16	8	1.737	1	1	
19	900	02-May-2007 11:09:20	4	0.281	2	1	
19	900	02-May-2007 11:09:24	6	0.128	2	1	
19	900	02-May-2007 11:09:28	6	0.326	1	0	
19	900	02-May-2007 11:09:33	8	0.264	1	1	
19	900	02-May-2007 11:09:37	8	0.272	2	1	
19	900	02-May-2007 11:09:42	6	0.310	2	0	
19	900	02-May-2007 11:09:46	6	0.214	1	1	
19	900	02-May-2007 11:09:50	4	0.900	1	1	
19	900	02-May-2007 11:09:54	6	0.287	1	0	
19	900	02-May-2007 11:09:59	8	0.232	1	1	
19	900	02-May-2007 11:10:03	6	0.525	1	0	
19	900	02-May-2007 11:10:15	8	7.420	2	0	
25	600	19-May-2007 13:55:32	4	2.398	1	0	
25	600	19-May-2007 13:55:40	6	3.658	1	1	
25	600	19-May-2007 13:55:45	4	1.931	2	1	
25	600	19-May-2007 13:55:50	6	1.054	2	1	
25	600	19-May-2007 13:55:55	6	0.754	2	1	
25	600	19-May-2007 13:55:59	4	0.905	2	1	
25	600	19-May-2007 13:56:03	4	0.665	2	1	
25	600	19-May-2007 13:56:10	8	2.691	1	1	
25	600	19-May-2007 13:56:14	6	0.574	1	1	
25	600	19-May-2007 13:56:20	8	0.962	1	1	
25	600	19-May-2007 13:56:26	4	3.000	2	0	
25	600	19-May-2007 13:56:31	8	0.555	1	1	
25	600	19-May-2007 13:56:36	6	0.701	1	1	
25	600	19-May-2007 13:56:41	6	1.368	2	1	
25	600	19-May-2007 13:56:46	8	0.405	1	0	
25	600	19-May-2007 13:56:49	4	0.561	1	0	
25	600	19-May-2007 13:56:54	6	0.867	1	1	
25	600	19-May-2007 13:56:59	6	0.992	1	0	
25	600	19-May-2007 13:57:04	4	1.414	1	1	
25	600	19-May-2007 13:57:09	8	1.014	2	0	
25	600	19-May-2007 13:57:14	4	1.604	1	0	
25	600	19-May-2007 13:57:18	4	0.951	1	1	
25	600	19-May-2007 13:57:24	8	1.118	2	0	
25	600	19-May-2007 13:57:29	4	1.714	2	0	
25	600	19-May-2007 13:57:34	4	1.498	1	1	
25	600	19-May-2007 13:57:39	8	0.736	1	1	
25	600	19-May-2007 13:57:44	8	0.696	1	1	
25	600	19-May-2007 13:57:50	6	1.603	1	1	
25	600	19-May-2007 13:57:54	4	1.451	2	0	
25	600	19-May-2007 13:57:59	6	0.914	2	1	
26	100	19-May-2007 14:54:32	4	3.414	1	1	
26	100	19-May-2007 14:54:37	6	1.322	2	1	
26	100	19-May-2007 14:54:43	8	1.251	1	1	
26	100	19-May-2007 14:54:47	6	0.703	1	1	
26	100	19-May-2007 14:54:53	8	0.870	2	0	
26	100	19-May-2007 14:54:57	4	0.751	2	1	
26	100	19-May-2007 14:55:01	4	0.931	1	0	
26	100	19-May-2007 14:55:05	6	0.607	1	1	
26	100	19-May-2007 14:55:09	4	0.548	1	1	
26	100	19-May-2007 14:55:17	6	3.398	1	1	
26	100	19-May-2007 14:55:24	8	2.738	2	0	
26	100	19-May-2007 14:55:28	4	0.698	1	1	
26	100	19-May-2007 14:55:35	8	2.495	1	0	
26	100	19-May-2007 14:55:39	6	0.328	1	1	
26	100	19-May-2007 14:55:43	6	0.511	1	0	
26	100	19-May-2007 14:55:48	8	0.771	1	1	
26	100	19-May-2007 14:55:53	6	0.477	1	0	
26	100	19-May-2007 14:55:59	8	2.181	2	1	
26	100	19-May-2007 14:56:05	4	2.282	1	0	
26	100	19-May-2007 14:56:09	6	0.577	1	0	
26	100	19-May-2007 14:56:15	8	1.187	1	1	
26	100	19-May-2007 14:56:23	6	4.612	2	1	
26	100	19-May-2007 14:56:30	8	1.945	1	1	
26	100	19-May-2007 14:56:37	6	3.082	1	1	
26	100	19-May-2007 14:56:42	4	1.546	1	0	
26	100	19-May-2007 14:56:46	8	0.447	2	1	
26	100	19-May-2007 14:56:54	6	3.915	2	1	
26	100	19-May-2007 14:56:59	6	1.131	2	1	
26	100	19-May-2007 14:57:04	8	0.680	1	1	
26	100	19-May-2007 14:57:10	4	2.522	2	1	
28	100	19-May-2007 15:04:46	4	2.561	-1	0	
28	100	19-May-2007 15:05:00	8	10.097	2	0	
28	100	19-May-2007 15:05:06	6	1.579	2	1	
28	100	19-May-2007 15:05:12	8	2.168	1	1	
28	100	19-May-2007 15:05:17	6	1.070	1	1	
28	100	19-May-2007 15:05:22	8	0.791	1	1	
28	100	19-May-2007 15:05:28	8	0.899	1	1	
28	100	19-May-2007 15:05:32	6	0.846	1	1	
28	100	19-May-2007 15:05:43	8	6.297	1	1	
28	100	19-May-2007 15:05:48	6	0.868	1	1	
28	100	19-May-2007 15:05:54	4	2.726	2	0	
28	100	19-May-2007 15:05:59	8	0.773	2	0	
28	100	19-May-2007 15:06:03	4	0.888	1	0	
28	100	19-May-2007 15:06:07	4	0.642	1	1	
28	100	19-May-2007 15:06:15	8	2.974	1	1	
28	100	19-May-2007 15:06:20	8	1.178	1	0	
28	100	19-May-2007 15:06:26	8	1.413	1	0	
28	100	19-May-2007 15:06:31	6	1.245	2	1	
28	100	19-May-2007 15:06:35	6	0.493	1	0	
28	100	19-May-2007 15:06:40	8	0.635	1	0	
28	100	19-May-2007 15:06:45	6	0.465	2	1	
28	100	19-May-2007 15:06:51	4	2.940	1	1	
28	100	19-May-2007 15:06:59	6	4.112	2	1	
28	100	19-May-2007 15:07:03	4	0.823	1	0	
28	100	19-May-2007 15:07:08	6	0.754	2	1	
28	100	19-May-2007 15:07:13	6	1.102	2	1	
28	100	19-May-2007 15:07:18	6	1.544	1	0	
28	100	19-May-2007 15:07:24	6	1.898	2	1	
28	100	19-May-2007 15:07:31	8	2.436	1	1	
28	100	19-May-2007 15:07:35	8	0.347	1	1	
27	100	19-May-2007 15:03:57	8	0.708	1	1	
27	100	19-May-2007 15:04:01	4	0.739	2	1	
27	100	19-May-2007 15:04:06	8	0.314	1	1	
27	100	19-May-2007 15:04:11	6	0.481	2	1	
27	100	19-May-2007 15:04:15	8	0.322	1	0	
27	100	19-May-2007 15:04:20	6	0.382	2	1	
27	100	19-May-2007 15:04:24	8	0.306	1	0	
27	100	19-May-2007 15:04:28	4	0.565	2	0	
27	100	19-May-2007 15:04:33	8	0.422	1	1	
27	100	19-May-2007 15:04:37	4	0.684	2	1	
27	100	19-May-2007 15:04:42	8	0.294	1	1	
27	100	19-May-2007 15:04:46	4	0.442	2	0	
27	100	19-May-2007 15:04:49	4	0.486	2	1	
27	100	19-May-2007 15:04:54	6	0.262	2	0	
27	100	19-May-2007 15:04:57	4	0.306	2	1	
27	100	19-May-2007 15:05:02	8	0.304	1	0	
27	100	19-May-2007 15:05:06	6	0.408	1	0	
27	100	19-May-2007 15:05:11	8	0.184	2	0	
27	100	19-May-2007 15:05:15	6	0.407	2	1	
27	100	19-May-2007 15:05:20	8	0.307	1	1	
27	100	19-May-2007 15:05:25	6	0.774	2	1	
27	100	19-May-2007 15:05:28	4	0.396	2	1	
27	100	19-May-2007 15:05:33	6	0.307	2	1	
27	100	19-May-2007 15:05:36	4	0.298	2	1	
27	100	19-May-2007 15:05:41	8	0.370	1	1	
27	100	19-May-2007 15:05:45	6	0.320	2	1	
27	100	19-May-2007 15:05:50	8	0.177	1	0	
27	100	19-May-2007 15:05:53	4	0.239	2	1	
27	100	19-May-2007 15:05:58	6	0.441	2	0	
27	100	19-May-2007 15:06:02	6	0.667	2	1	
21	300	19-May-2007 10:47:04	6	12.190	2	1	
21	300	19-May-2007 10:47:16	6	8.412	1	1	
21	300	19-May-2007 10:47:25	8	4.153	1	1	
21	300	19-May-2007 10:47:33	6	3.806	2	1	
21	300	19-May-2007 10:47:38	8	0.904	2	1	
21	300	19-May-2007 10:47:44	6	2.290	1	1	
21	300	19-May-2007 10:47:50	4	2.829	1	1	
21	300	19-May-2007 10:47:55	6	0.765	1	1	
21	300	19-May-2007 10:48:00	8	0.875	2	0	
21	300	19-May-2007 10:48:06	8	1.674	1	0	
21	300	19-May-2007 10:48:11	6	0.591	1	1	
21	300	19-May-2007 10:48:16	8	0.653	2	1	
21	300	19-May-2007 10:48:20	4	0.927	1	1	
21	300	19-May-2007 10:48:25	8	0.965	2	0	
21	300	19-May-2007 10:48:29	6	0.443	1	0	
21	300	19-May-2007 10:48:34	4	0.754	2	1	
21	300	19-May-2007 10:48:38	4	0.726	2	1	
21	300	19-May-2007 10:48:43	8	0.951	1	1	
21	300	19-May-2007 10:48:48	8	0.534	1	0	
21	300	19-May-2007 10:48:55	6	3.097	2	1	
21	300	19-May-2007 10:49:00	6	1.529	2	1	
21	300	19-May-2007 10:49:05	8	0.496	2	1	
21	300	19-May-2007 10:49:12	4	4.060	2	1	
21	300	19-May-2007 10:49:17	6	0.812	1	1	
21	300	19-May-2007 10:49:23	8	1.774	2	1	
21	300	19-May-2007 10:49:28	6	0.737	1	1	
21	300	19-May-2007 10:49:33	8	0.651	1	0	
21	300	19-May-2007 10:49:41	4	5.049	1	1	
21	300	19-May-2007 10:49:46	6	1.286	2	1	
21	300	19-May-2007 10:49:51	4	1.278	2	1	
22	600	19-May-2007 11:00:56	8	1.967	2	0	
22	600	19-May-2007 11:01:00	6	0.708	1	1	
22	600	19-May-2007 11:01:05	8	0.688	2	1	
22	600	19-May-2007 11:01:10	6	0.524	2	1	
22	600	19-May-2007 11:01:15	8	0.895	1	1	
22	600	19-May-2007 11:01:20	8	0.390	2	1	
22	600	19-May-2007 11:01:24	4	1.072	2	1	
22	600	19-May-2007 11:01:29	8	0.605	2	0	
22	600	19-May-2007 11:01:33	4	0.711	1	0	
22	600	19-May-2007 11:01:40	8	2.181	1	0	
22	600	19-May-2007 11:01:45	8	0.460	1	0	
22	600	19-May-2007 11:01:49	8	0.347	1	1	
22	600	19-May-2007 11:01:54	8	0.426	1	1	
22	600	19-May-2007 11:01:58	6	0.168	2	1	
22	600	19-May-2007 11:02:02	4	0.555	2	1	
22	600	19-May-2007 11:02:06	4	0.457	1	1	
22	600	19-May-2007 11:02:10	6	0.432	2	1	
22	600	19-May-2007 11:02:15	8	0.923	1	1	
22	600	19-May-2007 11:02:20	6	0.275	1	1	
22	600	19-May-2007 11:02:23	4	0.356	2	1	
22	600	19-May-2007 11:02:28	8	0.509	1	0	
22	600	19-May-2007 11:02:33	8	0.244	1	0	
22	600	19-May-2007 11:02:36	4	0.236	2	1	
22	600	19-May-2007 11:02:41	6	0.464	2	0	
22	600	19-May-2007 11:02:48	8	3.292	2	1	
22	600	19-May-2007 11:02:53	4	1.765	2	0	
22	600	19-May-2007 11:02:58	8	0.553	1	0	
22	600	19-May-2007 11:03:03	8	0.336	2	0	
22	600	19-May-2007 11:03:09	8	1.294	1	1	
22	600	19-May-2007 11:03:13	6	0.172	1	1	
23	900	19-May-2007 11:20:50	4	1.170	1	1	
23	900	19-May-2007 11:20:55	8	0.694	2	1	
23	900	19-May-2007 11:21:01	4	2.829	1	0	
23	900	19-May-2007 11:21:06	6	0.461	1	1	
23	900	19-May-2007 11:21:10	8	0.352	1	1	
23	900	19-May-2007 11:21:15	4	0.902	2	0	
23	900	19-May-2007 11:21:19	6	0.752	2	1	
23	900	19-May-2007 11:21:24	8	0.440	2	1	
23	900	19-May-2007 11:21:29	4	1.339	2	0	
23	900	19-May-2007 11:21:33	4	0.960	1	0	
23	900	19-May-2007 11:21:37	6	0.363	1	1	
23	900	19-May-2007 11:21:42	4	0.981	2	1	
23	900	19-May-2007 11:21:46	4	0.860	2	0	
23	900	19-May-2007 11:21:50	4	1.076	2	1	
23	900	19-May-2007 11:21:55	6	0.449	2	1	
23	900	19-May-2007 11:22:00	8	0.585	2	1	
23	900	19-May-2007 11:22:04	6	0.666	1	1	
23	900	19-May-2007 11:22:09	8	0.497	1	1	
23	900	19-May-2007 11:22:13	4	0.632	2	1	
23	900	19-May-2007 11:22:17	6	0.253	2	1	
23	900	19-May-2007 11:22:21	4	1.138	2	1	
23	900	19-May-2007 11:22:25	4	0.388	2	0	
23	900	19-May-2007 11:22:30	6	0.544	2	0	
23	900	19-May-2007 11:22:34	6	0.759	1	0	
23	900	19-May-2007 11:22:39	8	0.429	2	1	
23	900	19-May-2007 11:22:43	6	0.307	2	1	
23	900	19-May-2007 11:22:47	4	0.853	2	1	
23	900	19-May-2007 11:22:52	6	0.315	1	1	
23	900	19-May-2007 11:22:56	8	0.320	1	0	
23	900	19-May-2007 11:23:00	4	0.704	1	1	
20	100	19-May-2007 10:30:11	8	1.911	-1	0	
20	100	19-May-2007 10:30:17	6	1.213	-1	0	
20	100	19-May-2007 10:30:23	8	0.872	-1	0	
20	100	19-May-2007 10:30:29	6	1.302	-1	0	
20	100	19-May-2007 10:30:52	8	18.545	2	0	
20	100	19-May-2007 10:30:58	6	1.782	2	1	
20	100	19-May-2007 10:31:05	8	2.267	1	0	
20	100	19-May-2007 10:31:11	6	1.996	2	1	
20	100	19-May-2007 10:31:16	4	1.598	1	1	
20	100	19-May-2007 10:31:22	4	3.046	1	1	
20	100	19-May-2007 10:31:29	4	2.053	2	1	
20	100	19-May-2007 10:31:34	6	1.226	2	1	
20	100	19-May-2007 10:31:40	4	2.397	1	0	
20	100	19-May-2007 10:31:45	4	1.470	2	1	
20	100	19-May-2007 10:31:50	4	1.763	2	1	
20	100	19-May-2007 10:31:55	6	0.561	1	1	
20	100	19-May-2007 10:32:00	6	0.973	2	1	
20	100	19-May-2007 10:32:04	4	1.140	1	1	
20	100	19-May-2007 10:32:10	6	1.698	1	1	
20	100	19-May-2007 10:32:15	4	1.351	2	1	
20	100	19-May-2007 10:32:21	8	1.642	1	1	
20	100	19-May-2007 10:32:27	4	2.536	1	0	
20	100	19-May-2007 10:32:32	6	0.970	2	1	
20	100	19-May-2007 10:32:36	6	0.430	1	1	
20	100	19-May-2007 10:32:41	4	1.604	1	1	
20	100	19-May-2007 10:32:46	4	1.139	1	1	
20	100	19-May-2007 10:32:50	4	0.644	2	1	
20	100	19-May-2007 10:32:54	6	0.182	1	1	
20	100	19-May-2007 10:32:59	8	0.605	1	1	
20	100	19-May-2007 10:33:04	6	0.487	2	0	
24	300	19-May-2007 11:45:10	4	2.496	1	1	
24	300	19-May-2007 11:45:15	6	1.874	2	1	
24	300	19-May-2007 11:45:20	6	0.561	2	1	
24	300	19-May-2007 11:45:26	4	2.488	2	0	
24	300	19-May-2007 11:45:32	8	1.559	2	0	
24	300	19-May-2007 11:45:36	4	0.242	1	1	
24	300	19-May-2007 11:45:40	8	0.260	1	0	
24	300	19-May-2007 11:45:45	4	1.378	2	1	
24	300	19-May-2007 11:45:50	8	0.642	2	0	
24	300	19-May-2007 11:45:54	4	0.548	1	0	
24	300	19-May-2007 11:45:58	4	0.380	2	1	
24	300	19-May-2007 11:46:03	8	0.196	2	0	
24	300	19-May-2007 11:46:07	4	0.569	1	1	
24	300	19-May-2007 11:46:12	8	0.274	1	1	
24	300	19-May-2007 11:46:17	4	2.058	1	0	
24	300	19-May-2007 11:46:23	8	0.792	2	0	
24	300	19-May-2007 11:46:27	6	0.908	2	0	
24	300	19-May-2007 11:46:32	4	0.798	1	1	
24	300	19-May-2007 11:46:37	8	0.629	2	0	
24	300	19-May-2007 11:46:42	8	0.425	2	1	
24	300	19-May-2007 11:46:46	4	0.871	1	0	
24	300	19-May-2007 11:46:50	4	0.602	2	1	
24	300	19-May-2007 11:46:55	6	0.674	1	0	
24	300	19-May-2007 11:47:00	8	0.576	2	1	
24	300	19-May-2007 11:47:04	4	0.486	1	1	
24	300	19-May-2007 11:47:09	8	1.167	1	0	
24	300	19-May-2007 11:47:13	4	0.488	1	1	
24	300	19-May-2007 11:47:19	8	0.745	1	1	
24	300	19-May-2007 11:47:22	4	0.172	1	1	
24	300	19-May-2007 11:47:28	8	1.610	1	0	
30	100	20-May-2007 10:36:05	6	2.400	1	1	
30	100	20-May-2007 10:36:17	8	7.540	1	0	
30	100	20-May-2007 10:36:24	4	3.261	2	1	
30	100	20-May-2007 10:36:30	6	1.926	2	1	
30	100	20-May-2007 10:36:37	6	3.823	2	1	
30	100	20-May-2007 10:36:42	4	0.881	1	1	
30	100	20-May-2007 10:36:47	4	1.571	1	1	
30	100	20-May-2007 10:36:54	6	3.062	1	1	
30	100	20-May-2007 10:37:01	6	3.914	1	1	
30	100	20-May-2007 10:37:06	6	1.111	1	1	
30	100	20-May-2007 10:37:12	8	1.094	2	1	
30	100	20-May-2007 10:37:19	8	2.790	2	0	
30	100	20-May-2007 10:37:25	8	1.555	2	1	
30	100	20-May-2007 10:37:33	6	4.459	1	0	
30	100	20-May-2007 10:37:39	8	1.263	2	1	
30	100	20-May-2007 10:37:44	4	1.767	1	1	
30	100	20-May-2007 10:37:50	8	1.966	1	1	
30	100	20-May-2007 10:37:55	6	0.711	1	1	
30	100	20-May-2007 10:38:00	8	0.774	2	0	
30	100	20-May-2007 10:38:06	8	1.240	1	1	
30	100	20-May-2007 10:38:12	4	3.005	2	1	
30	100	20-May-2007 10:38:19	8	3.048	1	1	
30	100	20-May-2007 10:38:26	8	2.456	1	1	
30	100	20-May-2007 10:38:32	8	1.382	1	1	
30	100	20-May-2007 10:38:42	6	6.499	1	0	
30	100	20-May-2007 10:38:48	8	1.446	2	1	
30	100	20-May-2007 10:38:55	4	3.111	2	0	
30	100	20-May-2007 10:38:59	6	0.978	1	1	
30	100	20-May-2007 10:39:05	4	1.936	2	1	
30	100	20-May-2007 10:39:10	6	0.993	1	1	
31	48	20-May-2007 11:12:19	8	9.105	1	0	
31	48	20-May-2007 11:12:26	4	4.248	2	1	
31	48	20-May-2007 11:12:34	6	3.428	2	0	
31	48	20-May-2007 11:12:39	6	1.718	2	1	
31	48	20-May-2007 11:12:44	4	1.068	2	0	
31	48	20-May-2007 11:12:49	6	1.321	1	1	
31	48	20-May-2007 11:12:53	4	0.985	2	0	
31	48	20-May-2007 11:12:59	8	1.810	2	1	
31	48	20-May-2007 11:13:05	4	2.288	2	0	
31	48	20-May-2007 11:13:10	6	1.067	2	0	
31	48	20-May-2007 11:13:15	4	2.022	1	1	
31	48	20-May-2007 11:13:21	8	1.392	1	1	
31	48	20-May-2007 11:13:26	4	1.285	1	0	
31	48	20-May-2007 11:13:31	6	1.116	2	1	
31	48	20-May-2007 11:13:35	4	0.763	2	1	
31	48	20-May-2007 11:13:39	4	1.121	2	0	
31	48	20-May-2007 11:13:44	6	0.935	1	0	
31	48	20-May-2007 11:13:49	8	0.900	2	0	
31	48	20-May-2007 11:13:53	4	0.738	2	1	
31	48	20-May-2007 11:13:57	4	0.608	2	0	
31	48	20-May-2007 11:14:01	4	0.422	2	1	
31	48	20-May-2007 11:14:09	8	3.231	2	1	
31	48	20-May-2007 11:14:13	4	0.711	2	0	
31	48	20-May-2007 11:14:17	6	0.717	1	0	
31	48	20-May-2007 11:14:21	4	0.348	1	0	
31	48	20-May-2007 11:14:26	8	0.701	1	1	
31	48	20-May-2007 11:14:31	4	1.311	2	0	
31	48	20-May-2007 11:14:37	6	2.057	2	0	
31	48	20-May-2007 11:14:42	8	1.109	2	1	
31	48	20-May-2007 11:14:48	6	1.918	1	0	
38	1200	20-May-2007 14:48:40	8	2.135	2	1	
38	1200	20-May-2007 14:48:45	6	0.423	2	1	
38	1200	20-May-2007 14:48:49	4	0.437	2	1	
38	1200	20-May-2007 14:48:54	8	0.770	2	1	
38	1200	20-May-2007 14:48:59	6	1.232	2	1	
38	1200	20-May-2007 14:49:03	6	0.480	1	1	
38	1200	20-May-2007 14:49:08	8	0.453	1	1	
38	1200	20-May-2007 14:49:12	6	0.368	2	0	
38	1200	20-May-2007 14:49:17	6	0.712	1	1	
38	1200	20-May-2007 14:49:21	4	0.697	2	1	
38	1200	20-May-2007 14:49:25	6	0.435	2	1	
38	1200	20-May-2007 14:49:30	8	0.164	1	1	
38	1200	20-May-2007 14:49:35	8	0.195	2	1	
38	1200	20-May-2007 14:49:39	8	0.171	1	1	
38	1200	20-May-2007 14:49:43	4	0.584	1	1	
38	1200	20-May-2007 14:49:47	6	0.286	1	1	
38	1200	20-May-2007 14:49:52	8	0.114	1	1	
38	1200	20-May-2007 14:49:56	6	0.345	2	1	
38	1200	20-May-2007 14:50:00	6	0.372	2	0	
38	1200	20-May-2007 14:50:05	8	0.447	2	0	
38	1200	20-May-2007 14:50:09	6	0.383	1	1	
38	1200	20-May-2007 14:50:14	8	0.177	2	1	
38	1200	20-May-2007 14:50:18	6	0.288	2	1	
38	1200	20-May-2007 14:50:23	8	0.695	2	1	
38	1200	20-May-2007 14:50:28	8	0.525	2	1	
38	1200	20-May-2007 14:50:32	4	0.376	1	1	
38	1200	20-May-2007 14:50:35	4	0.231	2	1	
38	1200	20-May-2007 14:50:40	8	0.225	2	1	
38	1200	20-May-2007 14:50:44	4	0.220	1	1	
38	1200	20-May-2007 14:50:48	8	0.437	1	1	
35	48	20-May-2007 13:26:09	4	2.707	1	1	
35	48	20-May-2007 13:26:15	6	1.606	2	1	
35	48	20-May-2007 13:26:22	8	2.831	1	0	
35	48	20-May-2007 13:26:27	6	0.876	2	0	
35	48	20-May-2007 13:26:32	8	1.089	1	1	
35	48	20-May-2007 13:26:37	6	0.789	1	0	
35	48	20-May-2007 13:26:42	8	0.396	1	0	
35	48	20-May-2007 13:26:46	4	0.839	1	0	
35	48	20-May-2007 13:26:51	6	0.692	1	1	
35	48	20-May-2007 13:26:55	6	0.556	1	0	
35	48	20-May-2007 13:27:03	8	3.878	2	1	
35	48	20-May-2007 13:27:09	8	0.907	1	1	
35	48	20-May-2007 13:27:13	6	0.387	1	0	
35	48	20-May-2007 13:27:18	8	0.809	1	1	
35	48	20-May-2007 13:27:24	8	1.035	1	1	
35	48	20-May-2007 13:27:29	8	0.687	1	1	
35	48	20-May-2007 13:27:33	4	0.806	1	0	
35	48	20-May-2007 13:27:37	6	0.612	2	0	
35	48	20-May-2007 13:27:43	8	1.615	2	0	
35	48	20-May-2007 13:27:48	4	1.694	1	1	
35	48	20-May-2007 13:27:55	8	2.638	1	0	
35	48	20-May-2007 13:28:00	6	1.147	1	1	
35	48	20-May-2007 13:28:05	4	1.522	2	0	
35	48	20-May-2007 13:28:11	8	1.601	2	0	
35	48	20-May-2007 13:28:18	8	2.608	2	1	
35	48	20-May-2007 13:28:27	6	4.886	2	1	
35	48	20-May-2007 13:28:32	4	1.486	2	0	
35	48	20-May-2007 13:28:39	6	3.541	1	1	
35	48	20-May-2007 13:28:47	6	4.112	2	1	
35	48	20-May-2007 13:28:52	8	0.301	1	0	
29	100	20-May-2007 10:33:12	8	2.813	1	1	
29	100	20-May-2007 10:33:19	6	3.402	1	0	
29	100	20-May-2007 10:33:27	4	3.887	2	1	
29	100	20-May-2007 10:33:32	6	1.340	1	0	
29	100	20-May-2007 10:33:36	4	0.996	1	1	
29	100	20-May-2007 10:33:41	6	1.198	1	0	
29	100	20-May-2007 10:33:47	8	1.639	1	1	
29	100	20-May-2007 10:33:53	8	1.377	2	1	
29	100	20-May-2007 10:33:59	6	2.082	1	0	
29	100	20-May-2007 10:34:03	4	0.780	1	1	
29	100	20-May-2007 10:34:09	6	2.234	2	0	
29	100	20-May-2007 10:34:15	6	2.106	2	1	
29	100	20-May-2007 10:34:20	4	1.196	2	1	
29	100	20-May-2007 10:34:25	4	1.896	2	1	
29	100	20-May-2007 10:34:29	4	1.160	2	0	
29	100	20-May-2007 10:34:35	6	1.513	2	0	
29	100	20-May-2007 10:34:40	8	0.425	1	1	
29	100	20-May-2007 10:34:44	6	0.376	1	1	
29	100	20-May-2007 10:34:49	8	0.877	1	1	
29	100	20-May-2007 10:34:54	8	0.461	1	1	
29	100	20-May-2007 10:34:59	4	1.454	2	1	
29	100	20-May-2007 10:35:04	6	1.094	2	1	
29	100	20-May-2007 10:35:09	6	1.202	2	1	
29	100	20-May-2007 10:35:13	4	1.208	2	1	
29	100	20-May-2007 10:35:17	6	0.390	1	1	
29	100	20-May-2007 10:35:22	6	0.925	1	0	
29	100	20-May-2007 10:35:28	8	1.059	2	1	
29	100	20-May-2007 10:35:34	4	2.645	2	1	
29	100	20-May-2007 10:35:38	6	1.029	1	1	
29	100	20-May-2007 10:35:43	4	0.753	1	0	
32	48	20-May-2007 12:31:36	4	2.350	2	0	
32	48	20-May-2007 12:31:41	6	1.048	2	1	
32	48	20-May-2007 12:31:46	6	1.313	1	0	
32	48	20-May-2007 12:31:51	8	0.610	2	1	
32	48	20-May-2007 12:31:56	6	0.944	1	0	
32	48	20-May-2007 12:32:01	8	0.660	2	0	
32	48	20-May-2007 12:32:06	8	0.693	1	1	
32	48	20-May-2007 12:32:11	8	0.676	1	1	
32	48	20-May-2007 12:32:15	4	0.532	2	1	
32	48	20-May-2007 12:32:19	8	0.508	2	1	
32	48	20-May-2007 12:32:24	4	0.763	1	1	
32	48	20-May-2007 12:32:29	6	1.395	2	0	
32	48	20-May-2007 12:32:34	8	0.576	1	0	
32	48	20-May-2007 12:32:39	6	0.898	1	0	
32	48	20-May-2007 12:32:43	8	0.561	1	1	
32	48	20-May-2007 12:32:48	4	1.175	2	1	
32	48	20-May-2007 12:32:52	6	0.553	1	0	
32	48	20-May-2007 12:32:57	6	1.034	1	1	
32	48	20-May-2007 12:33:01	4	0.486	2	1	
32	48	20-May-2007 12:33:06	8	0.981	2	1	
32	48	20-May-2007 12:33:11	6	0.345	2	1	
32	48	20-May-2007 12:33:15	8	0.371	2	1	
32	48	20-May-2007 12:33:21	8	1.647	2	0	
32	48	20-May-2007 12:33:26	8	0.492	2	1	
32	48	20-May-2007 12:33:31	4	1.297	1	1	
32	48	20-May-2007 12:33:36	8	0.530	1	1	
32	48	20-May-2007 12:33:41	4	2.178	2	1	
32	48	20-May-2007 12:33:46	6	0.888	2	0	
32	48	20-May-2007 12:33:51	8	0.529	1	1	
32	48	20-May-2007 12:33:56	8	1.103	2	0	
34	48	20-May-2007 13:24:59	6	5.782	1	1	
34	48	20-May-2007 13:25:10	8	6.380	1	1	
34	48	20-May-2007 13:25:20	6	6.395	1	1	
34	48	20-May-2007 13:25:24	4	0.674	2	1	
34	48	20-May-2007 13:25:32	8	3.118	1	1	
34	48	20-May-2007 13:25:37	6	1.637	1	1	
34	48	20-May-2007 13:25:42	8	0.654	1	1	
34	48	20-May-2007 13:25:46	4	0.737	2	1	
34	48	20-May-2007 13:25:51	6	0.707	1	1	
34	48	20-May-2007 13:25:55	4	0.729	2	1	
34	48	20-May-2007 13:26:00	8	0.552	1	0	
34	48	20-May-2007 13:26:04	4	0.613	1	1	
34	48	20-May-2007 13:26:10	8	1.440	1	1	
34	48	20-May-2007 13:26:15	6	1.104	2	0	
34	48	20-May-2007 13:26:20	8	1.101	1	0	
34	48	20-May-2007 13:26:27	6	2.706	2	0	
34	48	20-May-2007 13:26:31	6	0.250	1	0	
34	48	20-May-2007 13:26:34	4	0.217	2	1	
34	48	20-May-2007 13:26:39	6	0.481	1	0	
34	48	20-May-2007 13:26:44	8	0.427	1	1	
34	48	20-May-2007 13:26:49	8	0.565	2	1	
34	48	20-May-2007 13:26:53	6	0.536	1	0	
34	48	20-May-2007 13:26:57	4	0.317	2	1	
34	48	20-May-2007 13:27:04	6	3.177	1	0	
34	48	20-May-2007 13:27:08	8	0.248	2	1	
34	48	20-May-2007 13:27:13	4	1.618	1	1	
34	48	20-May-2007 13:27:18	8	0.127	1	1	
34	48	20-May-2007 13:27:23	8	0.737	1	1	
34	48	20-May-2007 13:27:27	6	0.267	1	0	
34	48	20-May-2007 13:27:31	4	0.702	1	0	
36	48	20-May-2007 13:32:43	4	2.730	2	1	
36	48	20-May-2007 13:32:48	6	0.650	1	0	
36	48	20-May-2007 13:32:54	8	1.246	1	0	
36	48	20-May-2007 13:32:58	4	0.863	1	1	
36	48	20-May-2007 13:33:03	4	1.771	1	0	
36	48	20-May-2007 13:33:08	6	0.826	2	0	
36	48	20-May-2007 13:33:14	4	3.046	1	0	
36	48	20-May-2007 13:33:21	4	4.075	2	1	
36	48	20-May-2007 13:33:27	8	1.227	1	1	
36	48	20-May-2007 13:33:32	4	1.412	1	1	
36	48	20-May-2007 13:33:36	4	0.480	1	1	
36	48	20-May-2007 13:33:42	8	2.256	1	0	
36	48	20-May-2007 13:33:47	8	0.740	2	0	
36	48	20-May-2007 13:33:53	4	2.274	2	1	
36	48	20-May-2007 13:34:00	8	2.411	1	1	
36	48	20-May-2007 13:34:05	4	1.742	2	1	
36	48	20-May-2007 13:34:11	8	1.748	1	0	
36	48	20-May-2007 13:34:15	4	0.821	2	1	
36	48	20-May-2007 13:34:19	6	0.540	1	1	
36	48	20-May-2007 13:34:23	4	0.584	1	0	
36	48	20-May-2007 13:34:28	8	0.415	2	0	
36	48	20-May-2007 13:34:33	6	0.919	1	1	
36	48	20-May-2007 13:34:37	4	0.786	1	1	
36	48	20-May-2007 13:34:43	6	2.380	2	1	
36	48	20-May-2007 13:34:50	4	2.890	1	0	
36	48	20-May-2007 13:34:56	8	1.948	2	0	
36	48	20-May-2007 13:35:01	6	1.021	1	1	
36	48	20-May-2007 13:35:07	8	2.225	1	0	
36	48	20-May-2007 13:35:12	4	1.022	2	0	
36	48	20-May-2007 13:35:17	6	1.722	2	1	
39	1200	20-May-2007 15:02:35	4	6.069	1	0	
39	1200	20-May-2007 15:02:42	6	2.312	2	1	
39	1200	20-May-2007 15:02:48	8	1.971	2	1	
39	1200	20-May-2007 15:02:52	4	1.066	2	1	
39	1200	20-May-2007 15:02:58	8	0.954	2	1	
39	1200	20-May-2007 15:03:02	6	0.843	2	1	
39	1200	20-May-2007 15:03:06	4	0.756	2	0	
39	1200	20-May-2007 15:03:11	8	0.605	2	1	
39	1200	20-May-2007 15:03:17	6	1.225	2	1	
39	1200	20-May-2007 15:03:20	4	0.330	1	1	
39	1200	20-May-2007 15:03:25	6	1.079	1	1	
39	1200	20-May-2007 15:03:31	4	2.784	2	1	
39	1200	20-May-2007 15:03:42	8	6.518	2	0	
39	1200	20-May-2007 15:03:47	6	0.949	2	1	
39	1200	20-May-2007 15:03:51	6	0.644	1	1	
39	1200	20-May-2007 15:03:56	8	0.671	1	1	
39	1200	20-May-2007 15:04:01	6	0.508	2	1	
39	1200	20-May-2007 15:04:06	4	1.501	2	1	
39	1200	20-May-2007 15:04:11	8	1.341	2	1	
39	1200	20-May-2007 15:04:16	4	0.971	1	1	
39	1200	20-May-2007 15:04:21	8	0.575	2	1	
39	1200	20-May-2007 15:04:25	6	0.550	2	1	
39	1200	20-May-2007 15:04:31	6	1.679	1	1	
39	1200	20-May-2007 15:04:37	8	2.495	2	0	
39	1200	20-May-2007 15:04:43	4	2.532	1	0	
39	1200	20-May-2007 15:04:48	8	0.552	2	0	
39	1200	20-May-2007 15:04:52	4	0.423	2	1	
39	1200	20-May-2007 15:04:56	6	0.367	2	1	
39	1200	20-May-2007 15:05:00	4	0.296	1	1	
39	1200	20-May-2007 15:05:08	8	3.825	1	0	
33	48	20-May-2007 12:37:43	4	0.872	1	1	
33	48	20-May-2007 12:37:50	6	3.199	2	0	
33	48	20-May-2007 12:37:57	8	2.209	2	1	
33	48	20-May-2007 12:38:02	6	0.968	2	1	
33	48	20-May-2007 12:38:07	6	1.452	1	1	
33	48	20-May-2007 12:38:14	8	1.727	1	1	
33	48	20-May-2007 12:38:18	6	0.497	2	1	
33	48	20-May-2007 12:38:23	4	2.066	1	0	
33	48	20-May-2007 12:38:29	8	0.772	2	1	
33	48	20-May-2007 12:38:33	4	0.649	2	1	
33	48	20-May-2007 12:38:38	8	0.817	2	1	
33	48	20-May-2007 12:38:42	4	0.558	1	0	
33	48	20-May-2007 12:38:46	4	0.373	2	1	
33	48	20-May-2007 12:38:52	8	1.158	2	1	
33	48	20-May-2007 12:38:55	4	0.415	1	0	
33	48	20-May-2007 12:39:01	8	1.612	1	1	
33	48	20-May-2007 12:39:06	6	0.634	2	1	
33	48	20-May-2007 12:39:10	4	0.565	1	0	
33	48	20-May-2007 12:39:15	6	0.737	1	1	
33	48	20-May-2007 12:39:19	4	0.274	2	0	
33	48	20-May-2007 12:39:24	8	0.702	2	0	
33	48	20-May-2007 12:39:29	8	0.511	2	1	
33	48	20-May-2007 12:39:34	4	1.815	2	0	
33	48	20-May-2007 12:39:39	8	0.463	2	1	
33	48	20-May-2007 12:39:47	4	1.637	1	0	
33	48	20-May-2007 12:39:52	6	0.486	2	0	
33	48	20-May-2007 12:39:56	4	0.294	2	0	
33	48	20-May-2007 12:40:02	8	0.445	2	0	
33	48	20-May-2007 12:40:07	8	0.442	1	0	
33	48	20-May-2007 12:40:12	6	0.787	1	1	
37	1200	20-May-2007 13:57:01	6	1.824	1	1	
37	1200	20-May-2007 13:57:05	4	0.892	1	1	
37	1200	20-May-2007 13:57:11	8	1.327	2	1	
37	1200	20-May-2007 13:57:16	6	0.512	2	1	
37	1200	20-May-2007 13:57:20	4	0.662	1	1	
37	1200	20-May-2007 13:57:24	4	0.530	1	1	
37	1200	20-May-2007 13:57:29	6	0.336	1	1	
37	1200	20-May-2007 13:57:34	8	0.309	1	1	
37	1200	20-May-2007 13:57:38	6	0.268	1	1	
37	1200	20-May-2007 13:57:43	8	0.407	2	0	
37	1200	20-May-2007 13:57:47	6	0.418	2	1	
37	1200	20-May-2007 13:57:52	8	0.634	2	1	
37	1200	20-May-2007 13:57:56	4	0.357	2	0	
37	1200	20-May-2007 13:58:01	8	0.439	2	1	
37	1200	20-May-2007 13:58:06	8	0.393	1	0	
37	1200	20-May-2007 13:58:11	4	2.181	2	0	
37	1200	20-May-2007 13:58:17	8	1.232	2	0	
37	1200	20-May-2007 13:58:21	6	0.268	2	1	
37	1200	20-May-2007 13:58:26	4	0.870	1	0	
37	1200	20-May-2007 13:58:30	6	0.326	2	1	
37	1200	20-May-2007 13:58:35	8	0.303	1	1	
37	1200	20-May-2007 13:58:39	6	0.303	1	1	
37	1200	20-May-2007 13:58:43	4	0.381	2	1	
37	1200	20-May-2007 13:58:47	6	0.362	2	1	
37	1200	20-May-2007 13:58:52	8	0.194	1	0	
37	1200	20-May-2007 13:58:56	4	0.453	2	0	
37	1200	20-May-2007 13:59:01	8	0.466	2	1	
37	1200	20-May-2007 13:59:07	4	2.422	2	0	
37	1200	20-May-2007 13:59:12	8	0.654	1	0	
37	1200	20-May-2007 13:59:16	8	0.348	1	1	
42	300	22-Sep-2007 16:33:16	4	5.935	2	1	
42	300	22-Sep-2007 16:33:23	8	2.049	2	1	
42	300	22-Sep-2007 16:33:28	4	1.761	2	1	
42	300	22-Sep-2007 16:33:33	6	1.747	2	1	
42	300	22-Sep-2007 16:33:39	6	1.232	2	1	
42	300	22-Sep-2007 16:33:43	4	0.847	1	1	
42	300	22-Sep-2007 16:33:48	8	1.015	2	1	
42	300	22-Sep-2007 16:33:55	6	2.377	2	1	
42	300	22-Sep-2007 16:34:00	4	1.869	1	0	
42	300	22-Sep-2007 16:34:05	8	1.293	1	1	
42	300	22-Sep-2007 16:34:12	4	2.703	1	1	
42	300	22-Sep-2007 16:34:16	4	1.144	1	1	
42	300	22-Sep-2007 16:34:21	6	1.284	1	1	
42	300	22-Sep-2007 16:34:27	8	1.101	2	1	
42	300	22-Sep-2007 16:34:31	4	0.998	1	1	
42	300	22-Sep-2007 16:34:36	6	0.746	1	1	
42	300	22-Sep-2007 16:34:41	8	0.777	2	1	
42	300	22-Sep-2007 16:34:46	6	1.593	1	1	
42	300	22-Sep-2007 16:34:52	6	1.352	1	1	
42	300	22-Sep-2007 16:34:57	8	0.915	2	1	
42	300	22-Sep-2007 16:35:01	4	0.812	1	0	
42	300	22-Sep-2007 16:35:06	8	0.622	1	1	
42	300	22-Sep-2007 16:35:10	4	0.763	1	1	
42	300	22-Sep-2007 16:35:15	8	0.755	1	1	
42	300	22-Sep-2007 16:35:21	8	0.794	1	1	
42	300	22-Sep-2007 16:35:40	6	15.910	1	0	
42	300	22-Sep-2007 16:35:45	6	0.299	1	1	
42	300	22-Sep-2007 16:35:50	8	1.062	2	1	
42	300	22-Sep-2007 16:35:55	8	0.537	1	1	
42	300	22-Sep-2007 16:36:01	6	1.976	2	1	
43	600	23-Sep-2007 15:09:19	6	0.953	1	0	
43	600	23-Sep-2007 15:09:24	4	0.981	2	1	
43	600	23-Sep-2007 15:09:28	6	0.361	1	0	
43	600	23-Sep-2007 15:09:33	8	0.749	1	0	
43	600	23-Sep-2007 15:09:37	4	0.517	1	1	
43	600	23-Sep-2007 15:09:42	8	0.392	2	1	
43	600	23-Sep-2007 15:09:46	4	0.525	2	0	
43	600	23-Sep-2007 15:09:53	6	3.191	1	0	
43	600	23-Sep-2007 15:09:59	6	2.257	2	1	
43	600	23-Sep-2007 15:10:04	6	1.337	1	0	
43	600	23-Sep-2007 15:10:10	8	0.764	1	0	
43	600	23-Sep-2007 15:10:16	8	1.810	2	1	
43	600	23-Sep-2007 15:10:20	6	0.371	1	0	
43	600	23-Sep-2007 15:10:25	8	0.405	1	1	
43	600	23-Sep-2007 15:10:28	4	0.261	2	1	
43	600	23-Sep-2007 15:10:34	6	2.050	2	0	
43	600	23-Sep-2007 15:10:38	4	0.524	2	1	
43	600	23-Sep-2007 15:10:43	4	1.437	2	1	
43	600	23-Sep-2007 15:10:48	6	0.690	2	1	
43	600	23-Sep-2007 15:10:52	6	0.332	1	0	
43	600	23-Sep-2007 15:10:57	8	0.838	1	1	
43	600	23-Sep-2007 15:11:01	6	0.516	2	1	
43	600	23-Sep-2007 15:11:05	4	0.484	2	1	
43	600	23-Sep-2007 15:11:10	6	0.667	1	0	
43	600	23-Sep-2007 15:11:15	8	0.620	1	1	
43	600	23-Sep-2007 15:11:18	4	0.157	2	1	
43	600	23-Sep-2007 15:11:24	6	1.910	2	0	
43	600	23-Sep-2007 15:11:28	4	0.516	1	1	
43	600	23-Sep-2007 15:11:32	6	0.243	2	0	
43	600	23-Sep-2007 15:11:36	4	0.391	2	1	
45	1200	23-Sep-2007 16:14:02	4	1.233	2	0	
45	1200	23-Sep-2007 16:14:07	6	0.480	1	1	
45	1200	23-Sep-2007 16:14:11	6	0.558	1	1	
45	1200	23-Sep-2007 16:14:16	8	0.446	1	1	
45	1200	23-Sep-2007 16:14:21	8	0.758	2	1	
45	1200	23-Sep-2007 16:14:25	4	0.840	1	0	
45	1200	23-Sep-2007 16:14:30	6	0.442	1	1	
45	1200	23-Sep-2007 16:14:34	6	0.316	2	1	
45	1200	23-Sep-2007 16:14:38	4	0.887	1	1	
45	1200	23-Sep-2007 16:14:42	4	0.544	2	0	
45	1200	23-Sep-2007 16:14:47	6	0.753	2	0	
45	1200	23-Sep-2007 16:14:51	8	0.289	1	1	
45	1200	23-Sep-2007 16:14:55	6	0.066	2	1	
45	1200	23-Sep-2007 16:15:00	8	0.298	2	1	
45	1200	23-Sep-2007 16:15:05	6	1.303	2	1	
45	1200	23-Sep-2007 16:15:10	8	0.281	2	1	
45	1200	23-Sep-2007 16:15:14	4	0.945	1	1	
45	1200	23-Sep-2007 16:15:18	6	0.307	2	1	
45	1200	23-Sep-2007 16:15:23	8	0.249	1	1	
45	1200	23-Sep-2007 16:15:29	8	1.798	1	0	
45	1200	23-Sep-2007 16:15:33	4	0.308	2	1	
45	1200	23-Sep-2007 16:15:37	8	0.128	1	1	
45	1200	23-Sep-2007 16:15:41	4	0.105	2	1	
45	1200	23-Sep-2007 16:15:46	8	0.226	1	1	
45	1200	23-Sep-2007 16:15:51	8	1.281	2	1	
45	1200	23-Sep-2007 16:15:56	8	0.207	1	1	
45	1200	23-Sep-2007 16:16:01	4	2.072	1	1	
45	1200	23-Sep-2007 16:16:05	6	0.294	1	1	
45	1200	23-Sep-2007 16:16:09	4	0.646	2	1	
45	1200	23-Sep-2007 16:16:14	6	0.534	2	1	
41	100	22-Sep-2007 14:39:24	8	1.973	1	1	
41	100	22-Sep-2007 14:39:29	4	1.490	1	0	
41	100	22-Sep-2007 14:39:35	6	2.410	2	0	
41	100	22-Sep-2007 14:39:39	6	0.155	1	1	
41	100	22-Sep-2007 14:39:47	4	4.335	1	0	
41	100	22-Sep-2007 14:39:55	8	3.842	1	0	
41	100	22-Sep-2007 14:40:02	8	2.522	2	1	
41	100	22-Sep-2007 14:40:08	8	0.985	1	1	
41	100	22-Sep-2007 14:40:14	6	2.407	2	1	
41	100	22-Sep-2007 14:40:19	8	0.541	1	0	
41	100	22-Sep-2007 14:40:24	4	0.724	1	0	
41	100	22-Sep-2007 14:40:30	8	1.618	2	1	
41	100	22-Sep-2007 14:40:35	6	1.237	2	1	
41	100	22-Sep-2007 14:40:41	4	2.205	2	0	
41	100	22-Sep-2007 14:40:48	4	4.300	1	0	
41	100	22-Sep-2007 14:40:53	8	0.689	2	0	
41	100	22-Sep-2007 14:41:02	8	4.463	2	1	
41	100	22-Sep-2007 14:41:07	6	0.570	1	1	
41	100	22-Sep-2007 14:41:11	6	0.472	2	1	
41	100	22-Sep-2007 14:41:18	8	2.081	1	0	
41	100	22-Sep-2007 14:41:22	4	0.358	2	0	
41	100	22-Sep-2007 14:41:27	6	1.083	1	1	
41	100	22-Sep-2007 14:41:35	8	3.658	1	1	
41	100	22-Sep-2007 14:41:40	6	1.251	1	0	
41	100	22-Sep-2007 14:41:45	8	0.666	2	1	
41	100	22-Sep-2007 14:41:50	4	1.244	1	1	
41	100	22-Sep-2007 14:41:54	6	0.335	2	1	
41	100	22-Sep-2007 14:41:58	4	0.284	1	0	
41	100	22-Sep-2007 14:42:03	8	0.220	1	1	
41	100	22-Sep-2007 14:42:08	8	0.527	2	1	
46	48	23-Sep-2007 15:58:16	6	4.216	1	0	
46	48	23-Sep-2007 15:58:21	6	1.051	2	1	
46	48	23-Sep-2007 15:58:28	8	2.556	2	1	
46	48	23-Sep-2007 15:58:35	8	2.571	1	0	
46	48	23-Sep-2007 15:58:40	6	0.821	2	1	
46	48	23-Sep-2007 15:58:45	6	1.305	1	1	
46	48	23-Sep-2007 15:58:50	6	0.921	1	1	
46	48	23-Sep-2007 15:58:54	4	0.784	1	0	
46	48	23-Sep-2007 15:59:00	8	0.859	1	1	
46	48	23-Sep-2007 15:59:09	6	4.941	2	1	
46	48	23-Sep-2007 15:59:14	8	0.745	2	1	
46	48	23-Sep-2007 15:59:21	4	3.557	1	1	
46	48	23-Sep-2007 15:59:26	6	0.917	1	1	
46	48	23-Sep-2007 15:59:31	4	1.788	2	0	
46	48	23-Sep-2007 15:59:36	4	1.644	1	1	
46	48	23-Sep-2007 15:59:44	8	3.156	2	1	
46	48	23-Sep-2007 15:59:50	4	2.874	1	1	
46	48	23-Sep-2007 15:59:58	8	2.491	-1	0	
46	48	23-Sep-2007 16:00:02	6	0.970	2	1	
46	48	23-Sep-2007 16:00:08	4	1.678	1	0	
46	48	23-Sep-2007 16:00:12	8	0.100	1	1	
46	48	23-Sep-2007 16:00:18	4	2.090	2	0	
46	48	23-Sep-2007 16:00:23	8	0.479	1	1	
46	48	23-Sep-2007 16:00:26	4	0.055	2	0	
46	48	23-Sep-2007 16:00:33	8	1.746	2	1	
46	48	23-Sep-2007 16:00:37	8	0.084	1	1	
46	48	23-Sep-2007 16:00:41	4	0.540	1	0	
46	48	23-Sep-2007 16:00:47	8	1.138	2	1	
46	48	23-Sep-2007 16:00:55	6	4.217	2	1	
46	48	23-Sep-2007 16:00:59	4	0.853	1	0	
44	900	23-Sep-2007 16:07:43	8	1.696	1	1	
44	900	23-Sep-2007 16:07:47	4	0.481	1	1	
44	900	23-Sep-2007 16:07:54	8	1.482	2	0	
44	900	23-Sep-2007 16:07:58	8	0.345	2	1	
44	900	23-Sep-2007 16:08:03	4	0.743	2	1	
44	900	23-Sep-2007 16:08:07	4	1.061	1	1	
44	900	23-Sep-2007 16:08:12	6	0.400	1	1	
44	900	23-Sep-2007 16:08:15	4	0.253	1	1	
44	900	23-Sep-2007 16:08:20	8	0.448	1	1	
44	900	23-Sep-2007 16:08:27	4	3.001	2	0	
44	900	23-Sep-2007 16:08:31	6	0.562	1	1	
44	900	23-Sep-2007 16:08:37	6	1.249	1	1	
44	900	23-Sep-2007 16:08:41	8	0.274	2	1	
44	900	23-Sep-2007 16:08:47	6	1.365	1	0	
44	900	23-Sep-2007 16:08:53	8	2.233	2	1	
44	900	23-Sep-2007 16:08:58	6	0.385	1	1	
44	900	23-Sep-2007 16:09:03	8	0.317	2	1	
44	900	23-Sep-2007 16:09:09	8	1.918	2	1	
44	900	23-Sep-2007 16:09:14	4	1.162	1	0	
44	900	23-Sep-2007 16:09:18	4	0.310	1	1	
44	900	23-Sep-2007 16:09:22	4	0.742	1	1	
44	900	23-Sep-2007 16:09:26	6	0.477	1	0	
44	900	23-Sep-2007 16:09:30	4	0.278	1	1	
44	900	23-Sep-2007 16:09:35	8	0.313	1	0	
44	900	23-Sep-2007 16:09:40	6	0.917	2	1	
44	900	23-Sep-2007 16:09:44	4	0.329	2	1	
44	900	23-Sep-2007 16:09:48	6	0.324	2	1	
44	900	23-Sep-2007 16:09:54	4	2.691	2	1	
44	900	23-Sep-2007 16:09:58	4	0.349	2	1	
44	900	23-Sep-2007 16:10:03	8	0.271	1	1	
40A	48	04-Nov-2007 10:21:55	8	1.995	-1	0	
40A	48	04-Nov-2007 10:22:07	6	8.351	1	1	
40A	48	04-Nov-2007 10:22:16	4	4.962	1	0	
40A	48	04-Nov-2007 10:22:26	4	6.878	2	1	
40A	48	04-Nov-2007 10:22:32	4	2.141	1	0	
40A	48	04-Nov-2007 10:22:38	6	2.969	2	1	
40A	48	04-Nov-2007 10:22:46	4	4.592	2	0	
40A	48	04-Nov-2007 10:22:56	8	4.786	2	1	
40A	48	04-Nov-2007 10:23:01	6	1.299	1	0	
40A	48	04-Nov-2007 10:23:07	6	2.573	1	1	
40A	48	04-Nov-2007 10:23:14	8	2.794	2	0	
40A	48	04-Nov-2007 10:23:20	6	1.915	1	0	
40A	48	04-Nov-2007 10:23:25	4	1.490	1	1	
40A	48	04-Nov-2007 10:23:30	4	1.297	2	0	
40A	48	04-Nov-2007 10:23:39	4	6.202	1	0	
40A	48	04-Nov-2007 10:23:46	6	3.228	1	0	
40A	48	04-Nov-2007 10:23:53	6	2.216	2	0	
40A	48	04-Nov-2007 10:23:58	8	0.752	2	0	
40A	48	04-Nov-2007 10:24:02	4	0.558	2	1	
40A	48	04-Nov-2007 10:24:14	6	8.187	2	0	
40A	48	04-Nov-2007 10:24:18	4	0.629	2	1	
40A	48	04-Nov-2007 10:24:28	8	5.966	2	1	
40A	48	04-Nov-2007 10:24:32	4	0.871	2	0	
40A	48	04-Nov-2007 10:24:37	4	1.198	2	1	
40A	48	04-Nov-2007 10:24:44	8	2.610	1	1	
40A	48	04-Nov-2007 10:24:48	4	0.676	2	0	
40A	48	04-Nov-2007 10:24:53	8	0.948	2	1	
40A	48	04-Nov-2007 10:24:59	4	2.872	2	0	
40A	48	04-Nov-2007 10:25:06	4	3.394	1	1	
40A	48	04-Nov-2007 10:25:10	4	0.721	2	1	
50	900	04-Nov-2007 11:03:51	4	0.986	-1	0	
50	900	04-Nov-2007 11:03:57	4	2.328	1	0	
50	900	04-Nov-2007 11:04:02	8	0.655	1	1	
50	900	04-Nov-2007 11:04:07	8	0.437	1	1	
50	900	04-Nov-2007 11:04:12	8	0.352	2	1	
50	900	04-Nov-2007 11:04:16	4	0.617	1	0	
50	900	04-Nov-2007 11:04:20	4	0.365	2	1	
50	900	04-Nov-2007 11:04:24	8	0.274	1	0	
50	900	04-Nov-2007 11:04:29	8	0.448	1	1	
50	900	04-Nov-2007 11:04:34	8	0.462	1	1	
50	900	04-Nov-2007 11:04:39	8	0.567	1	1	
50	900	04-Nov-2007 11:04:44	8	0.385	2	0	
50	900	04-Nov-2007 11:04:48	4	0.558	1	1	
50	900	04-Nov-2007 11:04:53	8	0.580	2	0	
50	900	04-Nov-2007 11:04:56	4	0.377	2	0	
50	900	04-Nov-2007 11:05:00	4	0.428	2	1	
50	900	04-Nov-2007 11:05:05	6	0.308	2	1	
50	900	04-Nov-2007 11:05:09	4	0.625	1	1	
50	900	04-Nov-2007 11:05:13	8	0.409	2	1	
50	900	04-Nov-2007 11:05:17	4	0.547	1	0	
50	900	04-Nov-2007 11:05:22	6	0.364	1	0	
50	900	04-Nov-2007 11:05:27	8	0.786	2	1	
50	900	04-Nov-2007 11:05:31	6	0.296	1	0	
50	900	04-Nov-2007 11:05:35	6	0.733	1	0	
50	900	04-Nov-2007 11:05:40	8	0.609	2	1	
50	900	04-Nov-2007 11:05:45	4	0.794	1	1	
50	900	04-Nov-2007 11:05:49	6	0.367	1	0	
50	900	04-Nov-2007 11:05:54	8	0.663	2	0	
50	900	04-Nov-2007 11:05:58	4	1.123	2	0	
50	900	04-Nov-2007 11:06:03	6	0.422	1	0	
48	300	04-Nov-2007 11:43:57	4	3.006	2	1	
48	300	04-Nov-2007 11:44:03	8	1.067	2	1	
48	300	04-Nov-2007 11:44:07	4	1.044	2	1	
48	300	04-Nov-2007 11:44:12	8	0.974	1	0	
48	300	04-Nov-2007 11:44:17	4	1.776	1	1	
48	300	04-Nov-2007 11:44:23	8	1.085	2	1	
48	300	04-Nov-2007 11:44:28	4	1.700	2	1	
48	300	04-Nov-2007 11:44:35	4	3.915	1	1	
48	300	04-Nov-2007 11:44:41	8	1.457	1	1	
48	300	04-Nov-2007 11:44:46	4	1.138	2	1	
48	300	04-Nov-2007 11:44:52	6	2.808	1	0	
48	300	04-Nov-2007 11:44:58	6	1.803	1	1	
48	300	04-Nov-2007 11:45:04	4	2.271	2	1	
48	300	04-Nov-2007 11:45:12	6	4.228	2	0	
48	300	04-Nov-2007 11:45:17	4	1.173	1	1	
48	300	04-Nov-2007 11:45:22	8	0.906	2	1	
48	300	04-Nov-2007 11:45:26	4	0.735	2	1	
48	300	04-Nov-2007 11:45:30	4	0.547	1	1	
48	300	04-Nov-2007 11:45:35	8	0.999	2	1	
48	300	04-Nov-2007 11:45:39	4	0.465	2	1	
48	300	04-Nov-2007 11:45:43	6	0.438	2	1	
48	300	04-Nov-2007 11:45:49	8	0.849	2	1	
48	300	04-Nov-2007 11:45:57	6	4.914	2	0	
48	300	04-Nov-2007 11:46:03	8	1.081	1	1	
48	300	04-Nov-2007 11:46:09	6	2.265	1	0	
48	300	04-Nov-2007 11:46:13	4	0.430	1	1	
48	300	04-Nov-2007 11:46:19	8	1.678	1	1	
48	300	04-Nov-2007 11:46:24	6	1.017	2	1	
48	300	04-Nov-2007 11:46:31	6	3.632	1	0	
48	300	04-Nov-2007 11:46:37	8	1.082	2	1	
52	100	04-Nov-2007 13:37:20	8	3.008	1	1	
52	100	04-Nov-2007 13:37:25	6	0.759	2	1	
52	100	04-Nov-2007 13:37:29	4	0.982	2	1	
52	100	04-Nov-2007 13:37:33	6	0.454	1	0	
52	100	04-Nov-2007 13:37:38	4	0.839	2	0	
52	100	04-Nov-2007 13:37:42	6	0.378	1	0	
52	100	04-Nov-2007 13:37:47	8	0.433	1	1	
52	100	04-Nov-2007 13:37:52	8	0.546	2	1	
52	100	04-Nov-2007 13:37:56	6	0.403	2	1	
52	100	04-Nov-2007 13:38:00	4	0.420	2	0	
52	100	04-Nov-2007 13:38:04	6	0.356	2	0	
52	100	04-Nov-2007 13:38:08	6	0.284	1	0	
52	100	04-Nov-2007 13:38:13	4	1.301	2	1	
52	100	04-Nov-2007 13:38:17	4	0.582	1	0	
52	100	04-Nov-2007 13:38:20	4	0.390	1	1	
52	100	04-Nov-2007 13:38:25	6	0.606	1	1	
52	100	04-Nov-2007 13:38:29	8	0.107	1	1	
52	100	04-Nov-2007 13:38:34	6	0.296	2	0	
52	100	04-Nov-2007 13:38:39	8	0.813	1	1	
52	100	04-Nov-2007 13:38:44	8	0.874	1	1	
52	100	04-Nov-2007 13:38:48	4	0.828	1	0	
52	100	04-Nov-2007 13:38:53	6	1.202	2	1	
52	100	04-Nov-2007 13:38:58	6	1.096	2	1	
52	100	04-Nov-2007 13:39:02	4	0.344	1	0	
52	100	04-Nov-2007 13:39:07	6	0.767	1	1	
52	100	04-Nov-2007 13:39:11	6	0.543	1	0	
52	100	04-Nov-2007 13:39:16	8	0.550	2	1	
52	100	04-Nov-2007 13:39:20	4	0.866	2	1	
52	100	04-Nov-2007 13:39:25	6	0.577	2	0	
52	100	04-Nov-2007 13:39:29	4	1.049	2	1	
55	900	04-Nov-2007 14:10:40	4	2.430	2	0	
55	900	04-Nov-2007 14:10:46	8	1.257	2	1	
55	900	04-Nov-2007 14:10:51	4	1.842	2	1	
55	900	04-Nov-2007 14:10:58	6	2.359	1	1	
55	900	04-Nov-2007 14:11:03	8	0.579	1	1	
55	900	04-Nov-2007 14:11:08	4	2.027	2	0	
55	900	04-Nov-2007 14:11:13	6	1.330	2	1	
55	900	04-Nov-2007 14:11:18	8	0.615	2	1	
55	900	04-Nov-2007 14:11:22	4	0.664	1	1	
55	900	04-Nov-2007 14:11:27	4	1.538	2	1	
55	900	04-Nov-2007 14:11:32	6	0.661	2	0	
55	900	04-Nov-2007 14:11:37	4	2.153	1	0	
55	900	04-Nov-2007 14:11:41	4	0.663	1	1	
55	900	04-Nov-2007 14:11:45	4	0.444	2	1	
55	900	04-Nov-2007 14:11:52	6	2.987	2	1	
55	900	04-Nov-2007 14:11:57	8	0.455	2	1	
55	900	04-Nov-2007 14:12:02	6	1.962	2	0	
55	900	04-Nov-2007 14:12:07	8	0.350	1	1	
55	900	04-Nov-2007 14:12:12	4	1.646	1	0	
55	900	04-Nov-2007 14:12:19	6	2.850	1	0	
55	900	04-Nov-2007 14:12:24	4	1.372	1	0	
55	900	04-Nov-2007 14:12:28	4	0.552	1	1	
55	900	04-Nov-2007 14:12:33	6	1.348	1	1	
55	900	04-Nov-2007 14:12:38	6	1.180	1	0	
55	900	04-Nov-2007 14:12:43	8	0.386	2	1	
55	900	04-Nov-2007 14:12:49	6	2.809	1	0	
55	900	04-Nov-2007 14:12:53	4	0.808	2	1	
55	900	04-Nov-2007 14:12:59	6	1.522	1	1	
55	900	04-Nov-2007 14:13:08	8	4.722	2	1	
55	900	04-Nov-2007 14:13:12	4	0.936	2	0	
57	100	04-Nov-2007 14:24:36	8	0.535	-1	0	
57	100	04-Nov-2007 14:24:41	8	0.092	-1	0	
57	100	04-Nov-2007 14:24:46	4	0.185	-1	0	
57	100	04-Nov-2007 14:24:51	6	0.598	-1	0	
57	100	04-Nov-2007 14:24:56	8	0.787	1	0	
57	100	04-Nov-2007 14:24:59	4	0.000	2	1	
57	100	04-Nov-2007 14:25:03	6	0.106	2	1	
57	100	04-Nov-2007 14:25:07	6	0.296	2	1	
57	100	04-Nov-2007 14:25:11	4	0.530	1	1	
57	100	04-Nov-2007 14:25:15	4	0.033	2	1	
57	100	04-Nov-2007 14:25:19	6	0.270	2	1	
57	100	04-Nov-2007 14:25:22	4	0.115	2	1	
57	100	04-Nov-2007 14:25:26	6	0.201	2	1	
57	100	04-Nov-2007 14:25:31	8	0.108	1	0	
57	100	04-Nov-2007 14:25:35	6	0.567	1	1	
57	100	04-Nov-2007 14:25:40	8	0.136	2	0	
57	100	04-Nov-2007 14:25:44	6	0.226	1	0	
57	100	04-Nov-2007 14:25:48	8	0.090	2	1	
57	100	04-Nov-2007 14:25:52	4	0.030	1	0	
57	100	04-Nov-2007 14:25:56	6	0.023	1	0	
57	100	04-Nov-2007 14:25:59	4	0.106	1	1	
57	100	04-Nov-2007 14:26:03	6	0.121	1	0	
57	100	04-Nov-2007 14:26:07	4	0.200	2	1	
57	100	04-Nov-2007 14:26:11	6	0.000	1	0	
57	100	04-Nov-2007 14:26:15	6	0.019	2	0	
57	100	04-Nov-2007 14:26:19	8	0.198	1	1	
57	100	04-Nov-2007 14:26:23	6	0.078	1	0	
57	100	04-Nov-2007 14:26:27	4	0.235	2	1	
57	100	04-Nov-2007 14:26:31	8	0.149	2	1	
57	100	04-Nov-2007 14:26:36	8	0.163	1	1	
61	48	04-Nov-2007 15:25:48	4	3.266	1	1	
61	48	04-Nov-2007 15:25:53	6	0.920	2	0	
61	48	04-Nov-2007 15:25:57	4	1.422	1	1	
61	48	04-Nov-2007 15:26:02	6	0.646	1	0	
61	48	04-Nov-2007 15:26:07	8	0.719	1	0	
61	48	04-Nov-2007 15:26:11	4	0.342	2	0	
61	48	04-Nov-2007 15:26:15	6	0.622	1	0	
61	48	04-Nov-2007 15:26:21	8	1.048	2	1	
61	48	04-Nov-2007 15:26:25	6	0.718	2	0	
61	48	04-Nov-2007 15:26:35	8	4.957	2	0	
61	48	04-Nov-2007 15:26:40	8	0.962	2	0	
61	48	04-Nov-2007 15:26:45	4	1.691	1	1	
61	48	04-Nov-2007 15:26:49	4	0.274	2	1	
61	48	04-Nov-2007 15:26:53	6	0.394	2	1	
61	48	04-Nov-2007 15:26:58	8	0.366	2	0	
61	48	04-Nov-2007 15:27:02	6	0.503	1	0	
61	48	04-Nov-2007 15:27:06	4	0.687	1	1	
61	48	04-Nov-2007 15:27:11	8	0.681	1	1	
61	48	04-Nov-2007 15:27:15	4	0.062	1	1	
61	48	04-Nov-2007 15:27:19	8	0.302	1	0	
61	48	04-Nov-2007 15:27:23	4	0.184	2	1	
61	48	04-Nov-2007 15:27:27	6	0.683	2	1	
61	48	04-Nov-2007 15:27:32	6	0.751	2	0	
61	48	04-Nov-2007 15:27:37	8	0.259	2	0	
61	48	04-Nov-2007 15:27:41	6	0.514	2	1	
61	48	04-Nov-2007 15:27:46	8	0.495	1	1	
61	48	04-Nov-2007 15:27:50	4	0.364	2	1	
61	48	04-Nov-2007 15:27:54	6	0.259	1	0	
61	48	04-Nov-2007 15:27:59	8	1.221	1	1	
61	48	04-Nov-2007 15:28:04	8	0.511	2	1	
62	100	04-Nov-2007 15:32:04	6	1.278	-1	0	
62	100	04-Nov-2007 15:32:11	4	2.655	-1	0	
62	100	04-Nov-2007 15:32:19	8	3.469	1	0	
62	100	04-Nov-2007 15:32:24	4	1.600	2	1	
62	100	04-Nov-2007 15:32:29	8	0.466	1	0	
62	100	04-Nov-2007 15:32:34	6	1.253	1	1	
62	100	04-Nov-2007 15:32:39	8	0.667	1	1	
62	100	04-Nov-2007 15:32:44	4	1.420	2	0	
62	100	04-Nov-2007 15:32:49	8	0.338	1	1	
62	100	04-Nov-2007 15:32:53	4	1.559	1	1	
62	100	04-Nov-2007 15:32:58	6	1.041	1	0	
62	100	04-Nov-2007 15:33:03	4	1.225	2	1	
62	100	04-Nov-2007 15:33:08	8	0.482	1	1	
62	100	04-Nov-2007 15:33:13	4	1.626	2	1	
62	100	04-Nov-2007 15:33:18	4	1.996	1	1	
62	100	04-Nov-2007 15:33:23	6	1.163	1	0	
62	100	04-Nov-2007 15:33:29	6	1.692	2	1	
62	100	04-Nov-2007 15:33:34	8	0.655	1	1	
62	100	04-Nov-2007 15:33:38	6	0.350	1	1	
62	100	04-Nov-2007 15:33:45	8	2.838	2	0	
62	100	04-Nov-2007 15:33:51	6	1.397	1	1	
62	100	04-Nov-2007 15:33:55	8	0.233	1	1	
62	100	04-Nov-2007 15:34:00	6	0.733	2	1	
62	100	04-Nov-2007 15:34:04	6	0.558	1	0	
62	100	04-Nov-2007 15:34:08	4	0.743	2	0	
62	100	04-Nov-2007 15:34:13	8	0.761	2	1	
62	100	04-Nov-2007 15:34:19	4	2.109	2	0	
62	100	04-Nov-2007 15:34:24	8	0.285	1	1	
62	100	04-Nov-2007 15:34:30	8	1.819	1	0	
62	100	04-Nov-2007 15:34:34	4	0.877	2	0	
47	100	04-Nov-2007 10:27:43	8	6.941	1	1	
47	100	04-Nov-2007 10:27:51	6	3.375	1	0	
47	100	04-Nov-2007 10:27:56	4	1.883	2	1	
47	100	04-Nov-2007 10:28:02	6	1.658	1	0	
47	100	04-Nov-2007 10:28:07	4	1.608	1	1	
47	100	04-Nov-2007 10:28:12	6	1.564	1	0	
47	100	04-Nov-2007 10:28:17	8	0.564	1	1	
47	100	04-Nov-2007 10:28:23	8	1.201	1	0	
47	100	04-Nov-2007 10:28:27	6	0.617	1	0	
47	100	04-Nov-2007 10:28:32	4	1.658	2	0	
47	100	04-Nov-2007 10:28:37	6	0.521	1	1	
47	100	04-Nov-2007 10:28:42	6	1.184	2	1	
47	100	04-Nov-2007 10:28:46	4	0.539	1	0	
47	100	04-Nov-2007 10:28:50	4	1.258	2	1	
47	100	04-Nov-2007 10:28:54	4	0.647	1	1	
47	100	04-Nov-2007 10:28:59	6	0.664	1	1	
47	100	04-Nov-2007 10:29:05	8	1.954	1	1	
47	100	04-Nov-2007 10:29:10	6	0.570	1	1	
47	100	04-Nov-2007 10:29:15	8	0.377	1	1	
47	100	04-Nov-2007 10:29:20	8	0.626	1	1	
47	100	04-Nov-2007 10:29:23	4	0.547	2	1	
47	100	04-Nov-2007 10:29:28	6	0.532	2	1	
47	100	04-Nov-2007 10:29:34	6	1.748	2	1	
47	100	04-Nov-2007 10:29:39	4	2.252	1	0	
47	100	04-Nov-2007 10:29:45	6	1.679	1	1	
47	100	04-Nov-2007 10:29:49	6	0.531	2	1	
47	100	04-Nov-2007 10:29:55	8	1.250	1	0	
47	100	04-Nov-2007 10:30:00	4	1.348	2	1	
47	100	04-Nov-2007 10:30:04	6	0.526	2	0	
47	100	04-Nov-2007 10:30:08	4	0.559	2	1	
51	900	04-Nov-2007 11:07:40	8	4.004	2	1	
51	900	04-Nov-2007 11:07:45	4	0.745	1	1	
51	900	04-Nov-2007 11:07:50	6	1.291	1	0	
51	900	04-Nov-2007 11:07:54	4	0.452	2	1	
51	900	04-Nov-2007 11:07:59	4	1.750	1	1	
51	900	04-Nov-2007 11:08:04	8	0.669	2	0	
51	900	04-Nov-2007 11:08:09	6	0.845	2	1	
51	900	04-Nov-2007 11:08:16	8	2.473	2	1	
51	900	04-Nov-2007 11:08:20	4	0.639	2	1	
51	900	04-Nov-2007 11:08:24	6	0.600	2	1	
51	900	04-Nov-2007 11:08:29	8	0.741	2	1	
51	900	04-Nov-2007 11:08:36	8	2.366	1	0	
51	900	04-Nov-2007 11:08:42	4	3.202	1	1	
51	900	04-Nov-2007 11:08:47	8	0.517	2	0	
51	900	04-Nov-2007 11:08:52	8	0.330	2	1	
51	900	04-Nov-2007 11:08:56	4	0.594	2	1	
51	900	04-Nov-2007 11:09:00	4	0.545	2	1	
51	900	04-Nov-2007 11:09:05	8	0.701	2	0	
51	900	04-Nov-2007 11:09:09	4	0.406	2	1	
51	900	04-Nov-2007 11:09:14	6	1.486	1	1	
51	900	04-Nov-2007 11:09:19	4	1.166	1	1	
51	900	04-Nov-2007 11:09:23	6	0.458	1	1	
51	900	04-Nov-2007 11:09:28	6	0.614	2	0	
51	900	04-Nov-2007 11:09:32	4	1.244	1	1	
51	900	04-Nov-2007 11:09:37	6	1.162	2	1	
51	900	04-Nov-2007 11:09:42	8	0.301	1	0	
51	900	04-Nov-2007 11:09:48	6	2.306	2	0	
51	900	04-Nov-2007 11:09:54	8	1.618	1	0	
51	900	04-Nov-2007 11:09:59	8	0.848	1	1	
51	900	04-Nov-2007 11:10:05	8	1.648	2	0	
56	48	04-Nov-2007 14:09:27	6	0.927	1	0	
56	48	04-Nov-2007 14:09:33	6	0.988	2	1	
56	48	04-Nov-2007 14:09:38	8	0.787	2	1	
56	48	04-Nov-2007 14:09:43	8	0.547	1	0	
56	48	04-Nov-2007 14:09:48	6	0.887	2	1	
56	48	04-Nov-2007 14:09:52	6	0.519	1	1	
56	48	04-Nov-2007 14:09:57	6	1.121	2	0	
56	48	04-Nov-2007 14:10:01	4	0.775	2	1	
56	48	04-Nov-2007 14:10:06	8	0.681	2	0	
56	48	04-Nov-2007 14:10:11	6	1.029	1	0	
56	48	04-Nov-2007 14:10:17	8	1.200	2	1	
56	48	04-Nov-2007 14:10:22	4	1.804	2	0	
56	48	04-Nov-2007 14:10:27	6	0.661	2	0	
56	48	04-Nov-2007 14:10:31	4	1.131	1	1	
56	48	04-Nov-2007 14:10:35	4	0.763	2	0	
56	48	04-Nov-2007 14:10:40	8	0.773	2	1	
56	48	04-Nov-2007 14:10:45	4	1.205	2	0	
56	48	04-Nov-2007 14:10:50	8	0.264	2	1	
56	48	04-Nov-2007 14:10:55	6	1.234	2	1	
56	48	04-Nov-2007 14:11:00	4	1.620	2	1	
56	48	04-Nov-2007 14:11:05	8	0.389	1	1	
56	48	04-Nov-2007 14:11:09	4	1.039	2	0	
56	48	04-Nov-2007 14:11:14	8	0.601	2	0	
56	48	04-Nov-2007 14:11:18	4	0.299	2	0	
56	48	04-Nov-2007 14:11:24	8	1.887	2	1	
56	48	04-Nov-2007 14:11:31	8	2.547	-1	0	
56	48	04-Nov-2007 14:11:35	4	0.512	2	1	
56	48	04-Nov-2007 14:11:42	8	1.842	2	1	
56	48	04-Nov-2007 14:11:46	6	0.339	2	1	
56	48	04-Nov-2007 14:11:50	4	0.552	1	0	
58	300	04-Nov-2007 14:35:22	4	1.957	1	1	
58	300	04-Nov-2007 14:35:28	8	0.839	2	0	
58	300	04-Nov-2007 14:35:33	8	0.613	1	1	
58	300	04-Nov-2007 14:35:37	4	0.571	2	1	
58	300	04-Nov-2007 14:35:42	8	0.495	1	1	
58	300	04-Nov-2007 14:35:45	4	0.329	2	1	
58	300	04-Nov-2007 14:35:50	6	0.299	1	1	
58	300	04-Nov-2007 14:35:53	4	0.000	1	1	
58	300	04-Nov-2007 14:35:59	8	1.167	2	1	
58	300	04-Nov-2007 14:36:02	4	0.516	2	1	
58	300	04-Nov-2007 14:36:07	4	0.805	2	0	
58	300	04-Nov-2007 14:36:11	6	0.242	2	0	
58	300	04-Nov-2007 14:36:16	8	0.316	1	0	
58	300	04-Nov-2007 14:36:20	6	0.631	1	1	
58	300	04-Nov-2007 14:36:25	8	0.349	1	1	
58	300	04-Nov-2007 14:36:30	8	0.131	2	0	
58	300	04-Nov-2007 14:36:33	4	0.297	2	1	
58	300	04-Nov-2007 14:36:38	8	0.176	1	1	
58	300	04-Nov-2007 14:36:42	6	0.188	2	0	
58	300	04-Nov-2007 14:36:46	8	0.186	1	0	
58	300	04-Nov-2007 14:36:51	8	0.280	1	1	
58	300	04-Nov-2007 14:36:55	4	0.164	1	0	
58	300	04-Nov-2007 14:36:59	8	0.318	2	1	
58	300	04-Nov-2007 14:37:04	4	0.947	2	0	
58	300	04-Nov-2007 14:37:08	8	0.277	2	0	
58	300	04-Nov-2007 14:37:12	4	0.214	1	1	
58	300	04-Nov-2007 14:37:15	4	0.016	2	0	
58	300	04-Nov-2007 14:37:20	8	0.225	2	0	
58	300	04-Nov-2007 14:37:23	4	0.080	1	1	
58	300	04-Nov-2007 14:37:28	8	0.185	2	0	
59	600	04-Nov-2007 15:13:07	4	0.892	1	1	
59	600	04-Nov-2007 15:13:12	6	0.826	2	1	
59	600	04-Nov-2007 15:13:17	8	0.658	1	0	
59	600	04-Nov-2007 15:13:21	6	0.299	2	1	
59	600	04-Nov-2007 15:13:25	4	0.434	2	1	
59	600	04-Nov-2007 15:13:29	6	0.317	2	1	
59	600	04-Nov-2007 15:13:34	8	0.311	2	1	
59	600	04-Nov-2007 15:13:37	4	0.253	1	1	
59	600	04-Nov-2007 15:13:42	6	0.737	1	1	
59	600	04-Nov-2007 15:13:46	4	0.747	1	1	
59	600	04-Nov-2007 15:13:51	8	1.040	1	1	
59	600	04-Nov-2007 15:13:56	8	0.332	1	1	
59	600	04-Nov-2007 15:14:01	8	0.331	2	1	
59	600	04-Nov-2007 15:14:05	4	0.303	2	1	
59	600	04-Nov-2007 15:14:09	6	0.198	1	1	
59	600	04-Nov-2007 15:14:14	4	1.947	2	1	
59	600	04-Nov-2007 15:14:18	6	0.354	2	1	
59	600	04-Nov-2007 15:14:26	8	3.743	1	0	
59	600	04-Nov-2007 15:14:31	8	0.383	1	1	
59	600	04-Nov-2007 15:14:35	4	0.505	2	1	
59	600	04-Nov-2007 15:14:40	8	0.216	1	1	
59	600	04-Nov-2007 15:14:43	4	0.309	2	1	
59	600	04-Nov-2007 15:14:48	4	1.253	2	1	
59	600	04-Nov-2007 15:14:52	4	0.559	2	0	
59	600	04-Nov-2007 15:14:57	8	0.454	2	0	
59	600	04-Nov-2007 15:15:01	6	0.521	2	1	
59	600	04-Nov-2007 15:15:06	6	0.792	2	1	
59	600	04-Nov-2007 15:15:13	8	3.044	2	0	
59	600	04-Nov-2007 15:15:17	4	0.294	2	1	
59	600	04-Nov-2007 15:15:22	6	0.898	2	1	
63	300	04-Nov-2007 16:09:08	8	0.921	2	1	
63	300	04-Nov-2007 16:09:13	6	0.591	1	1	
63	300	04-Nov-2007 16:09:17	4	0.673	1	0	
63	300	04-Nov-2007 16:09:21	4	0.719	1	1	
63	300	04-Nov-2007 16:09:26	4	1.136	1	0	
63	300	04-Nov-2007 16:09:30	6	0.771	1	1	
63	300	04-Nov-2007 16:09:36	6	1.171	2	1	
63	300	04-Nov-2007 16:09:41	4	1.466	-1	0	
63	300	04-Nov-2007 16:09:47	4	2.394	1	1	
63	300	04-Nov-2007 16:09:51	6	0.829	2	1	
63	300	04-Nov-2007 16:09:56	8	0.412	2	1	
63	300	04-Nov-2007 16:10:01	6	1.228	2	1	
63	300	04-Nov-2007 16:10:07	8	1.381	2	1	
63	300	04-Nov-2007 16:10:13	6	2.346	2	1	
63	300	04-Nov-2007 16:10:18	6	0.349	1	1	
63	300	04-Nov-2007 16:10:22	6	0.929	2	1	
63	300	04-Nov-2007 16:10:29	4	3.645	2	0	
63	300	04-Nov-2007 16:10:34	4	1.612	1	1	
63	300	04-Nov-2007 16:10:39	6	0.423	2	1	
63	300	04-Nov-2007 16:10:43	6	0.318	1	1	
63	300	04-Nov-2007 16:10:48	4	1.208	2	1	
63	300	04-Nov-2007 16:10:51	4	0.374	1	0	
63	300	04-Nov-2007 16:10:57	6	1.456	2	1	
63	300	04-Nov-2007 16:11:02	6	1.353	2	1	
63	300	04-Nov-2007 16:11:07	6	1.467	2	1	
63	300	04-Nov-2007 16:11:14	8	2.302	2	1	
63	300	04-Nov-2007 16:11:19	8	0.634	2	1	
63	300	04-Nov-2007 16:11:25	8	1.335	1	1	
63	300	04-Nov-2007 16:11:29	6	0.583	1	1	
63	300	04-Nov-2007 16:11:34	8	0.349	2	1	
49	600	04-Nov-2007 10:45:58	4	1.824	2	0	
49	600	04-Nov-2007 10:46:03	8	0.730	2	0	
49	600	04-Nov-2007 10:46:08	4	1.016	2	0	
49	600	04-Nov-2007 10:46:12	4	1.174	1	1	
49	600	04-Nov-2007 10:46:18	6	1.484	1	0	
49	600	04-Nov-2007 10:46:23	4	1.464	1	0	
49	600	04-Nov-2007 10:46:29	8	2.056	1	1	
49	600	04-Nov-2007 10:46:34	6	0.983	2	1	
49	600	04-Nov-2007 10:46:40	8	0.907	1	1	
49	600	04-Nov-2007 10:46:44	4	0.895	1	1	
49	600	04-Nov-2007 10:46:49	8	0.264	1	1	
49	600	04-Nov-2007 10:46:54	6	1.541	2	0	
49	600	04-Nov-2007 10:46:59	6	0.825	1	1	
49	600	04-Nov-2007 10:47:06	8	1.966	2	1	
49	600	04-Nov-2007 10:47:11	4	1.413	2	0	
49	600	04-Nov-2007 10:47:16	6	1.232	1	1	
49	600	04-Nov-2007 10:47:23	8	2.363	2	1	
49	600	04-Nov-2007 10:47:29	6	2.221	1	0	
49	600	04-Nov-2007 10:47:36	8	1.943	1	0	
49	600	04-Nov-2007 10:47:42	6	1.755	1	0	
49	600	04-Nov-2007 10:47:47	8	1.343	2	0	
49	600	04-Nov-2007 10:47:52	4	1.139	1	1	
49	600	04-Nov-2007 10:47:57	6	0.601	2	0	
49	600	04-Nov-2007 10:48:02	6	1.639	1	0	
49	600	04-Nov-2007 10:48:07	8	0.159	2	0	
49	600	04-Nov-2007 10:48:12	8	0.678	2	1	
49	600	04-Nov-2007 10:48:19	6	3.056	2	0	
49	600	04-Nov-2007 10:48:24	8	0.104	2	1	
49	600	04-Nov-2007 10:48:29	8	0.367	2	1	
49	600	04-Nov-2007 10:48:35	8	0.748	1	1	
54	600	04-Nov-2007 13:52:08	4	1.597	1	1	
54	600	04-Nov-2007 13:52:14	8	1.363	1	1	
54	600	04-Nov-2007 13:52:18	4	0.661	1	1	
54	600	04-Nov-2007 13:52:22	4	0.727	1	1	
54	600	04-Nov-2007 13:52:29	6	2.495	2	1	
54	600	04-Nov-2007 13:52:33	4	0.513	1	0	
54	600	04-Nov-2007 13:52:38	8	0.920	1	1	
54	600	04-Nov-2007 13:52:43	6	0.567	2	1	
54	600	04-Nov-2007 13:52:49	8	1.469	1	1	
54	600	04-Nov-2007 13:52:53	4	0.667	1	1	
54	600	04-Nov-2007 13:52:58	8	0.444	1	1	
54	600	04-Nov-2007 13:53:03	6	1.585	2	0	
54	600	04-Nov-2007 13:53:09	6	1.300	1	1	
54	600	04-Nov-2007 13:53:15	8	1.853	2	1	
54	600	04-Nov-2007 13:53:19	4	0.439	1	1	
54	600	04-Nov-2007 13:53:24	6	1.004	2	0	
54	600	04-Nov-2007 13:53:30	8	0.991	2	1	
54	600	04-Nov-2007 13:53:37	6	3.083	2	1	
54	600	04-Nov-2007 13:53:42	8	0.392	2	1	
54	600	04-Nov-2007 13:53:47	6	0.783	2	1	
54	600	04-Nov-2007 13:53:52	8	0.699	1	1	
54	600	04-Nov-2007 13:53:56	4	0.728	1	1	
54	600	04-Nov-2007 13:54:01	6	0.769	1	1	
54	600	04-Nov-2007 13:54:07	6	1.735	2	1	
54	600	04-Nov-2007 13:54:12	8	0.394	1	1	
54	600	04-Nov-2007 13:54:17	8	0.888	2	1	
54	600	04-Nov-2007 13:54:23	6	1.849	2	0	
54	600	04-Nov-2007 13:54:28	8	0.409	2	1	
54	600	04-Nov-2007 13:54:34	8	1.445	2	1	
54	600	04-Nov-2007 13:54:39	8	0.645	1	1	
65	900	10-Nov-2007 10:38:55	8	2.783	2	1	
65	900	10-Nov-2007 10:39:01	8	1.421	2	1	
65	900	10-Nov-2007 10:39:06	8	0.425	2	1	
65	900	10-Nov-2007 10:39:10	4	0.383	2	1	
65	900	10-Nov-2007 10:39:13	4	0.236	2	1	
65	900	10-Nov-2007 10:39:18	8	0.526	1	1	
65	900	10-Nov-2007 10:39:22	4	0.393	2	1	
65	900	10-Nov-2007 10:39:26	4	0.299	2	1	
65	900	10-Nov-2007 10:39:29	4	0.220	2	1	
65	900	10-Nov-2007 10:39:34	6	0.429	2	1	
65	900	10-Nov-2007 10:39:39	8	0.402	1	0	
65	900	10-Nov-2007 10:39:42	4	0.220	2	1	
65	900	10-Nov-2007 10:39:46	6	0.375	1	1	
65	900	10-Nov-2007 10:39:51	6	0.719	1	1	
65	900	10-Nov-2007 10:39:55	6	0.319	1	1	
65	900	10-Nov-2007 10:40:00	6	0.408	1	1	
65	900	10-Nov-2007 10:40:04	8	0.277	2	1	
65	900	10-Nov-2007 10:40:09	6	0.431	1	1	
65	900	10-Nov-2007 10:40:13	4	0.686	1	1	
65	900	10-Nov-2007 10:40:17	6	0.282	1	1	
65	900	10-Nov-2007 10:40:20	4	0.250	2	1	
65	900	10-Nov-2007 10:40:25	6	0.458	1	1	
65	900	10-Nov-2007 10:40:29	6	0.322	2	1	
65	900	10-Nov-2007 10:40:33	6	0.492	1	1	
65	900	10-Nov-2007 10:40:37	6	0.179	1	1	
65	900	10-Nov-2007 10:40:42	8	0.212	2	1	
65	900	10-Nov-2007 10:40:47	8	0.253	2	1	
65	900	10-Nov-2007 10:40:50	4	0.221	2	1	
65	900	10-Nov-2007 10:40:55	8	0.323	1	1	
65	900	10-Nov-2007 10:40:59	6	0.344	1	1	
67	1200	10-Nov-2007 14:07:49	4	1.289	1	1	
67	1200	10-Nov-2007 14:07:54	8	0.818	1	1	
67	1200	10-Nov-2007 14:07:59	6	0.531	1	1	
67	1200	10-Nov-2007 14:08:05	8	1.899	1	1	
67	1200	10-Nov-2007 14:08:09	4	0.469	2	1	
67	1200	10-Nov-2007 14:08:12	4	0.220	1	1	
67	1200	10-Nov-2007 14:08:17	8	0.284	1	1	
67	1200	10-Nov-2007 14:08:21	4	0.336	1	1	
67	1200	10-Nov-2007 14:08:25	6	0.329	2	1	
67	1200	10-Nov-2007 14:08:29	4	0.343	1	1	
67	1200	10-Nov-2007 14:08:33	6	0.299	1	1	
67	1200	10-Nov-2007 14:08:38	8	0.325	2	1	
67	1200	10-Nov-2007 14:08:41	4	0.244	2	1	
67	1200	10-Nov-2007 14:08:45	4	0.196	2	1	
67	1200	10-Nov-2007 14:08:49	6	0.360	1	1	
67	1200	10-Nov-2007 14:08:53	6	0.266	1	1	
67	1200	10-Nov-2007 14:08:58	8	0.390	1	1	
67	1200	10-Nov-2007 14:09:03	8	0.262	1	1	
67	1200	10-Nov-2007 14:09:07	6	0.284	2	1	
67	1200	10-Nov-2007 14:09:11	6	0.259	2	1	
67	1200	10-Nov-2007 14:09:15	4	0.284	2	1	
67	1200	10-Nov-2007 14:09:19	8	0.346	2	1	
67	1200	10-Nov-2007 14:09:24	6	0.274	1	1	
67	1200	10-Nov-2007 14:09:28	8	0.299	1	1	
67	1200	10-Nov-2007 14:09:33	6	0.275	2	1	
67	1200	10-Nov-2007 14:09:37	6	0.343	1	1	
67	1200	10-Nov-2007 14:09:41	8	0.264	2	1	
67	1200	10-Nov-2007 14:09:45	4	0.290	1	1	
67	1200	10-Nov-2007 14:09:50	8	0.285	2	1	
67	1200	10-Nov-2007 14:09:54	8	0.215	1	1	
66	1200	10-Nov-2007 10:48:23	6	5.334	-1	0	
66	1200	10-Nov-2007 10:48:31	4	3.560	2	1	
66	1200	10-Nov-2007 10:48:37	6	1.699	2	1	
66	1200	10-Nov-2007 10:48:42	4	1.217	1	1	
66	1200	10-Nov-2007 10:48:46	6	0.704	2	1	
66	1200	10-Nov-2007 10:48:53	4	2.906	1	1	
66	1200	10-Nov-2007 10:48:58	8	0.570	2	1	
66	1200	10-Nov-2007 10:49:03	4	1.417	1	0	
66	1200	10-Nov-2007 10:49:08	8	0.708	2	0	
66	1200	10-Nov-2007 10:49:13	4	0.687	2	1	
66	1200	10-Nov-2007 10:49:18	8	0.473	1	1	
66	1200	10-Nov-2007 10:49:22	4	0.701	2	1	
66	1200	10-Nov-2007 10:49:27	4	1.546	2	0	
66	1200	10-Nov-2007 10:49:33	8	0.660	2	0	
66	1200	10-Nov-2007 10:49:37	4	0.769	2	0	
66	1200	10-Nov-2007 10:49:45	8	3.997	2	1	
66	1200	10-Nov-2007 10:49:50	4	0.796	1	1	
66	1200	10-Nov-2007 10:49:55	6	0.667	1	1	
66	1200	10-Nov-2007 10:50:02	4	4.025	1	1	
66	1200	10-Nov-2007 10:50:08	8	1.077	2	1	
66	1200	10-Nov-2007 10:50:14	4	2.991	1	0	
66	1200	10-Nov-2007 10:50:20	6	1.397	1	0	
66	1200	10-Nov-2007 10:50:25	8	0.548	2	1	
66	1200	10-Nov-2007 10:50:30	6	1.073	1	1	
66	1200	10-Nov-2007 10:50:35	4	0.812	2	1	
66	1200	10-Nov-2007 10:50:40	6	0.959	2	1	
66	1200	10-Nov-2007 10:50:45	8	0.961	2	1	
66	1200	10-Nov-2007 10:50:51	6	1.771	1	0	
66	1200	10-Nov-2007 10:50:56	6	0.929	2	1	
66	1200	10-Nov-2007 10:51:02	8	1.285	1	1	
71	100	10-Nov-2007 14:31:08	8	7.248	-1	0	
71	100	10-Nov-2007 14:31:14	6	1.011	-1	0	
71	100	10-Nov-2007 14:31:21	4	2.394	-1	0	
71	100	10-Nov-2007 14:31:27	6	1.392	-1	0	
71	100	10-Nov-2007 14:31:31	4	0.631	-1	0	
71	100	10-Nov-2007 14:31:36	6	0.138	-1	0	
71	100	10-Nov-2007 14:31:42	8	0.600	-1	0	
71	100	10-Nov-2007 14:31:48	8	0.612	-1	0	
71	100	10-Nov-2007 14:31:53	6	0.968	-1	0	
71	100	10-Nov-2007 14:31:59	4	2.368	1	1	
71	100	10-Nov-2007 14:32:04	6	0.492	1	1	
71	100	10-Nov-2007 14:32:08	6	0.347	2	1	
71	100	10-Nov-2007 14:32:13	4	1.221	2	1	
71	100	10-Nov-2007 14:32:18	4	1.209	2	1	
71	100	10-Nov-2007 14:32:22	4	0.463	1	1	
71	100	10-Nov-2007 14:32:27	6	1.647	1	1	
71	100	10-Nov-2007 14:32:32	8	0.311	1	1	
71	100	10-Nov-2007 14:32:37	6	0.558	2	0	
71	100	10-Nov-2007 14:32:42	8	0.321	1	1	
71	100	10-Nov-2007 14:32:47	8	0.353	2	0	
71	100	10-Nov-2007 14:32:53	4	2.395	1	0	
71	100	10-Nov-2007 14:32:58	6	1.034	1	0	
71	100	10-Nov-2007 14:33:02	6	0.194	2	1	
71	100	10-Nov-2007 14:33:06	4	0.932	2	1	
71	100	10-Nov-2007 14:33:12	6	1.487	1	1	
71	100	10-Nov-2007 14:33:16	6	0.290	2	1	
71	100	10-Nov-2007 14:33:21	8	0.147	1	0	
71	100	10-Nov-2007 14:33:25	4	0.118	2	1	
71	100	10-Nov-2007 14:33:29	6	0.278	1	1	
71	100	10-Nov-2007 14:33:33	4	0.228	2	1	
72	300	11-Nov-2007 10:57:49	8	3.261	-1	0	
72	300	11-Nov-2007 10:57:56	8	2.319	2	1	
72	300	11-Nov-2007 10:58:05	4	4.970	1	0	
72	300	11-Nov-2007 10:58:12	8	2.512	1	1	
72	300	11-Nov-2007 10:58:17	6	1.163	2	0	
72	300	11-Nov-2007 10:58:23	8	0.982	2	1	
72	300	11-Nov-2007 10:58:29	6	2.453	2	0	
72	300	11-Nov-2007 10:58:34	8	0.506	1	1	
72	300	11-Nov-2007 10:58:40	6	1.515	1	1	
72	300	11-Nov-2007 10:58:45	8	0.746	2	0	
72	300	11-Nov-2007 10:58:50	4	1.431	1	0	
72	300	11-Nov-2007 10:58:54	6	0.672	1	0	
72	300	11-Nov-2007 10:58:58	4	0.416	1	1	
72	300	11-Nov-2007 10:59:05	8	1.692	1	0	
72	300	11-Nov-2007 10:59:11	6	2.472	1	1	
72	300	11-Nov-2007 10:59:15	4	0.348	1	0	
72	300	11-Nov-2007 10:59:20	6	1.077	1	0	
72	300	11-Nov-2007 10:59:25	6	0.988	2	1	
72	300	11-Nov-2007 10:59:29	4	0.204	2	1	
72	300	11-Nov-2007 10:59:37	8	3.346	1	0	
72	300	11-Nov-2007 10:59:41	4	0.638	1	0	
72	300	11-Nov-2007 10:59:47	8	1.281	2	1	
72	300	11-Nov-2007 10:59:51	8	0.074	1	0	
72	300	11-Nov-2007 10:59:57	4	2.611	1	0	
72	300	11-Nov-2007 11:00:03	6	1.947	2	1	
72	300	11-Nov-2007 11:00:11	6	4.078	1	0	
72	300	11-Nov-2007 11:00:16	6	0.678	1	1	
72	300	11-Nov-2007 11:00:21	4	1.702	1	0	
72	300	11-Nov-2007 11:00:26	4	1.273	2	0	
72	300	11-Nov-2007 11:00:32	4	2.352	1	1	
74	900	11-Nov-2007 14:00:32	8	4.165	2	1	
74	900	11-Nov-2007 14:00:37	4	1.247	2	1	
74	900	11-Nov-2007 14:00:43	8	0.828	2	1	
74	900	11-Nov-2007 14:00:46	4	0.498	1	1	
74	900	11-Nov-2007 14:00:50	4	0.520	1	1	
74	900	11-Nov-2007 14:00:55	6	0.444	1	1	
74	900	11-Nov-2007 14:00:59	8	0.351	1	1	
74	900	11-Nov-2007 14:01:03	4	0.418	2	1	
74	900	11-Nov-2007 14:01:08	6	0.545	2	1	
74	900	11-Nov-2007 14:01:11	4	0.452	2	1	
74	900	11-Nov-2007 14:01:16	8	0.537	2	1	
74	900	11-Nov-2007 14:01:20	4	0.677	1	1	
74	900	11-Nov-2007 14:01:25	8	0.428	1	1	
74	900	11-Nov-2007 14:01:29	4	0.188	1	1	
74	900	11-Nov-2007 14:01:32	4	0.211	2	1	
74	900	11-Nov-2007 14:01:37	8	0.260	1	1	
74	900	11-Nov-2007 14:01:41	4	0.196	2	1	
74	900	11-Nov-2007 14:01:47	6	2.201	2	0	
74	900	11-Nov-2007 14:01:51	6	0.298	1	1	
74	900	11-Nov-2007 14:01:56	8	0.416	1	1	
74	900	11-Nov-2007 14:01:59	4	0.227	2	1	
74	900	11-Nov-2007 14:02:04	6	0.279	1	1	
74	900	11-Nov-2007 14:02:07	4	0.180	2	1	
74	900	11-Nov-2007 14:02:12	8	0.339	1	1	
74	900	11-Nov-2007 14:02:18	6	2.359	1	1	
74	900	11-Nov-2007 14:02:22	4	0.320	2	1	
74	900	11-Nov-2007 14:02:26	6	0.335	1	0	
74	900	11-Nov-2007 14:02:30	4	0.203	1	1	
74	900	11-Nov-2007 14:02:34	8	0.301	1	1	
74	900	11-Nov-2007 14:02:38	4	0.232	2	1	
74	900	11-Nov-2007 14:19:51	8	5.452	1	1	
74	900	11-Nov-2007 14:19:56	8	0.610	2	1	
74	900	11-Nov-2007 14:20:01	6	0.993	2	1	
74	900	11-Nov-2007 14:20:08	4	3.616	2	1	
74	900	11-Nov-2007 14:20:12	4	0.538	1	1	
74	900	11-Nov-2007 14:20:17	6	1.549	2	1	
74	900	11-Nov-2007 14:20:21	4	0.576	1	1	
74	900	11-Nov-2007 14:20:26	6	0.560	2	1	
74	900	11-Nov-2007 14:20:31	8	0.870	2	0	
74	900	11-Nov-2007 14:20:36	4	1.050	1	0	
74	900	11-Nov-2007 14:20:41	8	0.602	1	1	
74	900	11-Nov-2007 14:20:45	6	0.388	2	0	
74	900	11-Nov-2007 14:20:49	6	0.631	1	1	
74	900	11-Nov-2007 14:20:55	8	1.038	2	0	
74	900	11-Nov-2007 14:20:59	4	0.645	1	1	
74	900	11-Nov-2007 14:21:04	8	0.399	1	1	
74	900	11-Nov-2007 14:21:08	4	0.786	1	0	
74	900	11-Nov-2007 14:21:12	6	0.320	1	1	
74	900	11-Nov-2007 14:21:17	8	0.542	2	1	
74	900	11-Nov-2007 14:21:21	4	0.470	1	0	
74	900	11-Nov-2007 14:21:25	6	0.264	1	1	
74	900	11-Nov-2007 14:21:31	8	1.554	1	1	
74	900	11-Nov-2007 14:21:36	8	0.628	2	1	
74	900	11-Nov-2007 14:21:42	4	2.996	2	0	
74	900	11-Nov-2007 14:21:47	6	0.428	1	1	
74	900	11-Nov-2007 14:21:52	8	0.492	1	1	
74	900	11-Nov-2007 14:21:57	4	2.325	1	1	
74	900	11-Nov-2007 14:22:04	8	2.000	2	1	
74	900	11-Nov-2007 14:22:10	8	2.340	2	0	
74	900	11-Nov-2007 14:22:15	4	0.675	1	1	
69a	1200	11-Nov-2007 11:17:37	8	2.244	2	1	
69a	1200	11-Nov-2007 11:17:41	4	1.235	1	1	
69a	1200	11-Nov-2007 11:17:46	4	1.069	1	1	
69a	1200	11-Nov-2007 11:17:51	8	1.054	2	1	
69a	1200	11-Nov-2007 11:17:56	6	1.105	1	1	
69a	1200	11-Nov-2007 11:18:01	6	0.942	1	1	
69a	1200	11-Nov-2007 11:18:06	8	0.768	2	1	
69a	1200	11-Nov-2007 11:18:10	4	0.677	2	1	
69a	1200	11-Nov-2007 11:18:16	8	1.005	2	1	
69a	1200	11-Nov-2007 11:18:21	8	0.618	2	1	
69a	1200	11-Nov-2007 11:18:27	6	2.513	1	1	
69a	1200	11-Nov-2007 11:18:32	8	0.489	2	1	
69a	1200	11-Nov-2007 11:18:37	6	0.884	1	1	
69a	1200	11-Nov-2007 11:18:41	6	0.766	2	1	
69a	1200	11-Nov-2007 11:18:46	8	0.602	2	1	
69a	1200	11-Nov-2007 11:18:51	6	0.551	1	1	
69a	1200	11-Nov-2007 11:18:55	4	0.611	1	1	
69a	1200	11-Nov-2007 11:19:00	8	0.688	2	1	
69a	1200	11-Nov-2007 11:19:05	8	0.486	2	1	
69a	1200	11-Nov-2007 11:19:10	6	0.771	2	1	
69a	1200	11-Nov-2007 11:19:14	8	0.436	2	1	
69a	1200	11-Nov-2007 11:19:19	4	0.750	2	1	
69a	1200	11-Nov-2007 11:19:22	4	0.594	1	1	
69a	1200	11-Nov-2007 11:19:26	4	0.606	2	1	
69a	1200	11-Nov-2007 11:19:32	6	1.623	2	1	
69a	1200	11-Nov-2007 11:19:36	4	0.631	1	1	
69a	1200	11-Nov-2007 11:19:41	8	0.577	1	1	
69a	1200	11-Nov-2007 11:19:45	4	0.494	2	1	
69a	1200	11-Nov-2007 11:19:49	6	0.742	1	1	
69a	1200	11-Nov-2007 11:19:54	8	0.532	1	1	
75	1200	11-Nov-2007 14:35:20	4	2.566	-1	0	
75	1200	11-Nov-2007 14:35:26	8	1.475	2	0	
75	1200	11-Nov-2007 14:35:31	4	2.155	2	0	
75	1200	11-Nov-2007 14:35:36	6	0.955	1	1	
75	1200	11-Nov-2007 14:35:40	6	0.359	1	1	
75	1200	11-Nov-2007 14:35:45	6	0.357	2	1	
75	1200	11-Nov-2007 14:35:48	4	0.451	2	0	
75	1200	11-Nov-2007 14:35:53	8	0.204	1	1	
75	1200	11-Nov-2007 14:35:57	6	0.343	1	1	
75	1200	11-Nov-2007 14:36:01	4	0.286	2	0	
75	1200	11-Nov-2007 14:36:05	6	0.238	2	1	
75	1200	11-Nov-2007 14:36:09	8	0.198	2	0	
75	1200	11-Nov-2007 14:36:13	6	0.146	1	1	
75	1200	11-Nov-2007 14:36:18	6	0.228	1	1	
75	1200	11-Nov-2007 14:36:21	4	0.145	2	1	
75	1200	11-Nov-2007 14:36:26	8	0.165	2	0	
75	1200	11-Nov-2007 14:36:29	4	0.220	1	1	
75	1200	11-Nov-2007 14:36:34	8	0.147	1	1	
75	1200	11-Nov-2007 14:36:38	6	0.407	2	1	
75	1200	11-Nov-2007 14:36:43	8	0.630	1	0	
75	1200	11-Nov-2007 14:36:47	4	0.239	2	0	
75	1200	11-Nov-2007 14:36:50	4	0.137	2	1	
75	1200	11-Nov-2007 14:36:54	4	0.259	2	0	
75	1200	11-Nov-2007 14:36:59	8	0.158	1	0	
75	1200	11-Nov-2007 14:37:03	6	0.228	1	1	
75	1200	11-Nov-2007 14:37:07	8	0.128	2	1	
75	1200	11-Nov-2007 14:37:11	4	0.158	1	0	
75	1200	11-Nov-2007 14:37:15	8	0.235	1	0	
75	1200	11-Nov-2007 14:37:19	4	0.066	1	0	
75	1200	11-Nov-2007 14:37:23	4	0.349	1	1	
76	48	11-Nov-2007 14:40:11	4	1.434	2	1	
76	48	11-Nov-2007 14:40:16	6	0.680	2	1	
76	48	11-Nov-2007 14:40:21	8	0.653	1	0	
76	48	11-Nov-2007 14:40:25	6	0.739	1	1	
76	48	11-Nov-2007 14:40:29	4	0.369	2	1	
76	48	11-Nov-2007 14:40:34	6	0.506	1	0	
76	48	11-Nov-2007 14:40:38	8	0.416	1	0	
76	48	11-Nov-2007 14:40:43	6	0.717	1	1	
76	48	11-Nov-2007 14:40:47	4	0.242	1	1	
76	48	11-Nov-2007 14:40:50	4	0.389	1	1	
76	48	11-Nov-2007 14:40:55	8	0.790	2	0	
76	48	11-Nov-2007 14:40:59	4	0.374	1	1	
76	48	11-Nov-2007 14:41:05	8	1.129	2	1	
76	48	11-Nov-2007 14:41:08	4	0.461	1	1	
76	48	11-Nov-2007 14:41:14	8	0.593	1	1	
76	48	11-Nov-2007 14:41:17	4	0.436	1	1	
76	48	11-Nov-2007 14:41:23	6	1.319	1	1	
76	48	11-Nov-2007 14:41:27	6	0.403	1	1	
76	48	11-Nov-2007 14:41:31	4	0.354	1	1	
76	48	11-Nov-2007 14:41:35	4	0.863	1	1	
76	48	11-Nov-2007 14:41:39	8	0.179	1	0	
76	48	11-Nov-2007 14:41:44	6	0.472	1	1	
76	48	11-Nov-2007 14:41:48	8	0.177	1	0	
76	48	11-Nov-2007 14:41:52	4	0.462	2	1	
76	48	11-Nov-2007 14:41:57	8	0.540	2	1	
76	48	11-Nov-2007 14:42:02	6	0.568	2	1	
76	48	11-Nov-2007 14:42:05	4	0.213	1	1	
76	48	11-Nov-2007 14:42:10	8	0.637	2	0	
76	48	11-Nov-2007 14:42:14	6	0.456	1	1	
76	48	11-Nov-2007 14:42:18	4	0.200	2	1	
77	300	11-Nov-2007 14:52:40	4	5.647	-1	0	
77	300	11-Nov-2007 14:52:46	6	1.675	-1	0	
77	300	11-Nov-2007 14:52:52	4	1.278	-1	0	
77	300	11-Nov-2007 14:53:03	6	6.946	-1	0	
77	300	11-Nov-2007 14:53:19	8	11.557	1	0	
77	300	11-Nov-2007 14:53:26	6	3.638	2	1	
77	300	11-Nov-2007 14:53:32	8	0.855	1	1	
77	300	11-Nov-2007 14:53:37	6	1.736	2	1	
77	300	11-Nov-2007 14:53:41	4	0.658	2	1	
77	300	11-Nov-2007 14:53:46	8	0.596	1	1	
77	300	11-Nov-2007 14:53:51	4	1.152	2	1	
77	300	11-Nov-2007 14:53:55	4	0.535	1	0	
77	300	11-Nov-2007 14:53:59	8	0.500	1	1	
77	300	11-Nov-2007 14:54:03	4	0.665	2	1	
77	300	11-Nov-2007 14:54:08	6	0.580	2	0	
77	300	11-Nov-2007 14:54:13	6	0.607	2	1	
77	300	11-Nov-2007 14:54:18	8	0.498	2	1	
77	300	11-Nov-2007 14:54:22	4	0.472	2	0	
77	300	11-Nov-2007 14:54:27	8	0.603	2	1	
77	300	11-Nov-2007 14:54:31	6	0.952	2	0	
77	300	11-Nov-2007 14:54:35	4	0.336	2	1	
77	300	11-Nov-2007 14:54:42	8	2.157	1	1	
77	300	11-Nov-2007 14:54:50	8	3.618	1	1	
77	300	11-Nov-2007 14:54:54	6	0.688	1	1	
77	300	11-Nov-2007 14:55:01	8	2.245	2	1	
77	300	11-Nov-2007 14:55:06	4	1.527	1	1	
77	300	11-Nov-2007 14:55:14	8	4.225	1	1	
77	300	11-Nov-2007 14:55:19	6	0.426	2	1	
77	300	11-Nov-2007 14:55:23	6	1.046	1	0	
77	300	11-Nov-2007 14:55:32	8	4.311	1	1	
78	600	11-Nov-2007 15:08:45	4	6.725	1	1	
78	600	11-Nov-2007 15:08:53	6	4.143	2	0	
78	600	11-Nov-2007 15:08:58	6	0.809	1	1	
78	600	11-Nov-2007 15:09:06	6	4.335	2	1	
78	600	11-Nov-2007 15:09:11	8	1.078	1	0	
78	600	11-Nov-2007 15:09:16	6	0.665	1	1	
78	600	11-Nov-2007 15:09:22	8	2.041	2	0	
78	600	11-Nov-2007 15:09:31	8	4.106	2	1	
78	600	11-Nov-2007 15:09:37	4	3.043	2	1	
78	600	11-Nov-2007 15:09:42	6	0.907	1	1	
78	600	11-Nov-2007 15:09:48	8	1.747	2	1	
78	600	11-Nov-2007 15:09:53	6	0.973	1	1	
78	600	11-Nov-2007 15:09:58	8	0.926	2	1	
78	600	11-Nov-2007 15:10:05	6	2.424	2	1	
78	600	11-Nov-2007 15:10:12	4	4.544	1	1	
78	600	11-Nov-2007 15:10:17	4	0.955	1	1	
78	600	11-Nov-2007 15:10:21	6	0.870	1	1	
78	600	11-Nov-2007 15:10:28	4	2.808	2	0	
78	600	11-Nov-2007 15:10:32	4	1.036	1	1	
78	600	11-Nov-2007 15:10:37	6	0.945	2	1	
78	600	11-Nov-2007 15:10:42	4	1.943	2	1	
78	600	11-Nov-2007 15:10:46	6	0.200	1	1	
78	600	11-Nov-2007 15:10:53	8	2.545	1	1	
78	600	11-Nov-2007 15:10:58	4	1.650	1	1	
78	600	11-Nov-2007 15:11:03	4	1.345	2	0	
78	600	11-Nov-2007 15:11:07	4	0.847	1	1	
78	600	11-Nov-2007 15:11:12	6	1.167	2	1	
78	600	11-Nov-2007 15:11:16	6	0.489	1	1	
78	600	11-Nov-2007 15:11:20	4	0.395	1	1	
78	600	11-Nov-2007 15:11:24	4	0.881	1	1	
64	600	10-Nov-2007 10:24:21	6	1.734	-1	0	
64	600	10-Nov-2007 10:24:28	4	2.338	-1	0	
64	600	10-Nov-2007 10:24:38	8	5.651	1	1	
64	600	10-Nov-2007 10:24:43	4	2.188	2	0	
64	600	10-Nov-2007 10:24:50	6	2.828	2	0	
64	600	10-Nov-2007 10:24:55	8	0.863	2	1	
64	600	10-Nov-2007 10:25:01	6	1.813	2	1	
64	600	10-Nov-2007 10:25:07	4	3.200	1	0	
64	600	10-Nov-2007 10:25:12	6	0.673	1	1	
64	600	10-Nov-2007 10:25:17	4	2.131	2	0	
64	600	10-Nov-2007 10:25:23	6	1.605	1	0	
64	600	10-Nov-2007 10:25:29	6	1.813	2	1	
64	600	10-Nov-2007 10:25:35	4	2.649	-1	0	
64	600	10-Nov-2007 10:25:40	8	0.991	2	1	
64	600	10-Nov-2007 10:25:46	6	1.838	2	0	
64	600	10-Nov-2007 10:25:51	6	1.189	2	0	
64	600	10-Nov-2007 10:25:57	8	1.266	2	1	
64	600	10-Nov-2007 10:26:01	6	0.320	1	0	
64	600	10-Nov-2007 10:26:04	4	0.000	2	0	
64	600	10-Nov-2007 10:26:10	6	1.661	2	0	
64	600	10-Nov-2007 10:26:14	6	0.098	1	0	
64	600	10-Nov-2007 10:26:19	8	0.449	1	1	
64	600	10-Nov-2007 10:26:23	4	0.804	2	0	
64	600	10-Nov-2007 10:26:28	8	0.782	2	1	
64	600	10-Nov-2007 10:26:33	4	1.202	1	0	
64	600	10-Nov-2007 10:26:37	8	0.205	1	0	
64	600	10-Nov-2007 10:26:42	8	0.910	2	1	
64	600	10-Nov-2007 10:26:47	8	0.108	1	1	
64	600	10-Nov-2007 10:26:50	4	0.091	1	0	
64	600	10-Nov-2007 10:26:54	6	0.196	1	0	
68	1200	10-Nov-2007 14:15:11	8	1.460	1	1	
68	1200	10-Nov-2007 14:15:16	4	0.814	1	1	
68	1200	10-Nov-2007 14:15:22	8	1.767	1	1	
68	1200	10-Nov-2007 14:15:27	6	1.274	2	0	
68	1200	10-Nov-2007 14:15:33	8	1.383	2	1	
68	1200	10-Nov-2007 14:15:39	8	1.909	2	1	
68	1200	10-Nov-2007 14:15:45	6	1.862	1	1	
68	1200	10-Nov-2007 14:15:48	4	0.295	2	1	
68	1200	10-Nov-2007 14:15:54	6	1.497	1	1	
68	1200	10-Nov-2007 14:15:59	8	0.434	1	1	
68	1200	10-Nov-2007 14:16:03	6	0.750	1	1	
68	1200	10-Nov-2007 14:16:08	6	0.578	2	0	
68	1200	10-Nov-2007 14:16:12	8	0.155	1	1	
68	1200	10-Nov-2007 14:16:16	4	0.359	1	1	
68	1200	10-Nov-2007 14:16:21	8	0.280	2	1	
68	1200	10-Nov-2007 14:16:24	4	0.509	1	1	
68	1200	10-Nov-2007 14:16:30	6	1.378	2	1	
68	1200	10-Nov-2007 14:16:36	8	1.493	1	0	
68	1200	10-Nov-2007 14:16:41	4	1.693	2	1	
68	1200	10-Nov-2007 14:16:45	6	0.650	1	0	
68	1200	10-Nov-2007 14:16:49	4	0.612	2	1	
68	1200	10-Nov-2007 14:16:55	8	1.583	1	1	
68	1200	10-Nov-2007 14:17:00	8	0.466	2	1	
68	1200	10-Nov-2007 14:17:04	4	0.719	1	0	
68	1200	10-Nov-2007 14:17:09	8	1.062	1	0	
68	1200	10-Nov-2007 14:17:14	6	0.387	1	1	
68	1200	10-Nov-2007 14:17:17	4	0.309	1	1	
68	1200	10-Nov-2007 14:17:22	6	0.842	1	1	
68	1200	10-Nov-2007 14:17:27	8	0.451	1	1	
68	1200	10-Nov-2007 14:17:32	6	1.271	2	1	
70	48	10-Nov-2007 14:27:14	8	2.344	1	1	
70	48	10-Nov-2007 14:27:23	6	4.201	1	1	
70	48	10-Nov-2007 14:27:30	4	3.782	2	0	
70	48	10-Nov-2007 14:27:40	6	6.720	2	0	
70	48	10-Nov-2007 14:27:49	4	5.393	1	0	
70	48	10-Nov-2007 14:27:57	4	4.238	1	1	
70	48	10-Nov-2007 14:28:03	8	1.691	2	1	
70	48	10-Nov-2007 14:28:11	8	3.932	1	0	
70	48	10-Nov-2007 14:28:19	6	3.856	2	0	
70	48	10-Nov-2007 14:28:25	4	2.675	2	1	
70	48	10-Nov-2007 14:28:29	4	1.004	1	0	
70	48	10-Nov-2007 14:28:36	6	2.938	2	0	
70	48	10-Nov-2007 14:28:43	6	3.838	2	1	
70	48	10-Nov-2007 14:28:51	4	4.648	1	1	
70	48	10-Nov-2007 14:28:56	4	0.957	2	1	
70	48	10-Nov-2007 14:29:06	6	6.810	1	1	
70	48	10-Nov-2007 14:29:13	8	2.275	2	0	
70	48	10-Nov-2007 14:29:19	4	2.708	1	1	
70	48	10-Nov-2007 14:29:27	8	3.058	2	1	
70	48	10-Nov-2007 14:29:34	6	3.496	2	0	
70	48	10-Nov-2007 14:29:40	8	1.198	2	1	
70	48	10-Nov-2007 14:29:46	6	2.470	1	0	
70	48	10-Nov-2007 14:29:56	6	5.836	1	0	
70	48	10-Nov-2007 14:30:03	8	3.359	2	0	
70	48	10-Nov-2007 14:30:08	6	0.711	1	0	
70	48	10-Nov-2007 14:30:14	4	2.112	1	0	
70	48	10-Nov-2007 14:30:22	4	5.157	1	1	
70	48	10-Nov-2007 14:30:30	8	3.781	2	1	
70	48	10-Nov-2007 14:30:36	8	1.641	1	1	
70	48	10-Nov-2007 14:30:41	4	1.587	1	0	