len 1 = 0.0000000000 0.0417477476 0.0000000000 0.8404237547 0.9902450974 0.9999689754 0.0000000000
len 1 = 0.0000000000 0.0426497960 0.0000000000 0.8660954516 0.9881120410 0.9999949774 0.0000000000
len 1 = 0.0000000000 0.0621241875 0.0000000000 0.8195457237 0.9825578365 0.9999952721 0.0000000000
len 1 = 0.0000000000 0.2103652914 0.0000000000 0.7615515449 0.9676658683 0.9994371707 0.0000000000
len 1 = 0.0000000000 0.0532996676 0.0000000000 0.7414780572 0.9903394826 0.9998742270 0.0000000000
len 1 = 0.0000000000 0.0704151338 0.0000000000 0.8371701130 0.9813204661 0.9996993674 0.0000000000
len 1 = 0.0000000000 0.2182989150 0.0000000000 0.7658420740 0.9819372623 0.9998477844 0.0000000000
len 1 = 0.0000000000 0.0637131390 0.0000000000 0.7552062031 0.9696793562 0.9998345217 0.0000000000
len 1 = 0.0000000000 0.0394686546 0.0000000000 0.7787021683 0.9601698679 0.9998959199 0.0000000000
len 1 = 0.0000000000 0.0416401480 0.0000000000 0.7950341861 0.9749363356 0.9998614258 0.0000000000
len 2 = 0.3122323691 0.9999979905 0.0000000000 0.7875487401 0.9915885450 0.9999988243 0.0000000000
len 2 = 0.2916978489 0.9999996809 0.0000000000 0.7674702624 0.9812259903 0.9999612369 0.0000000000
len 2 = 0.2734766120 0.9999977518 0.0000000000 0.7827243824 0.9964561986 0.9999999577 0.0000000000
len 2 = 0.2798292211 0.9999991001 0.0000000000 0.7500995069 0.9582277022 0.9998100057 0.0000000000
len 2 = 0.2891961576 0.9999990938 0.0000000000 0.7520798278 0.9860312450 0.9999961024 0.0000000000
len 2 = 0.2737560479 0.9999992833 0.0000000000 0.7628798826 0.9880688235 0.9999996147 0.0000000000
len 2 = 0.2701463344 0.9999990123 0.0000000000 0.7644571480 0.9932764251 0.9999997122 0.0000000000
len 2 = 0.2815193161 0.9999993182 0.0000000000 0.7426216297 0.9889622273 0.9999997517 0.0000000000
len 2 = 0.2844426530 0.9999993683 0.0000000000 0.7729259276 0.9906273599 0.9999962380 0.0000000000
len 2 = 0.2635342205 0.9999975462 0.0000000000 0.7422591988 0.9918134521 0.9999994050 0.0000000000
len 3 = 0.2930738082 0.9999540073 0.0000000000 0.7288723727 0.9838781195 0.9999825453 0.0000000000
len 3 = 0.2883885398 0.9999820668 0.0000000000 0.7617986097 0.9652422745 0.9999116258 0.0000000000
len 3 = 0.2752232405 0.9999834223 0.0000000000 0.7352829230 0.9415265809 0.9996979817 0.0000000000
len 3 = 0.2995694341 0.9999897271 0.0000000000 0.7357035242 0.9715186747 0.9999791090 0.0000000000
len 3 = 0.2748294128 0.9999710088 0.0000000000 0.6816438739 0.9252734181 0.9994329442 0.0000000000
len 3 = 0.2991981022 0.9999837349 0.0000000000 0.7198305394 0.9562191444 0.9995105872 0.0000000000
len 3 = 0.3047219465 0.9999775020 0.0000000000 0.7507713329 0.9678624818 0.9999051410 0.0000000000
len 3 = 0.3039846937 0.9999936527 0.0000000000 0.7691986875 0.9828092670 0.9995346311 0.0000000000
len 3 = 0.2664703640 0.9999930569 0.0000000000 0.7111466756 0.9922540237 0.9999653710 0.0000000000
len 3 = 0.3069869781 0.9999702880 0.0000000000 0.7339917319 0.9709224150 0.9999683668 0.0000000000
len 4 = 0.2742891149 0.9999873346 0.0000000000 0.6632850410 0.9478441126 0.9995858734 0.0000000000
len 4 = 0.2910729876 0.9999953119 0.0000000000 0.6938614803 0.8885843561 0.9800349664 0.0000000000
len 4 = 0.2798639005 0.9999876533 0.0000000000 0.7612762051 0.9554138060 0.9996732264 0.0000000000
len 4 = 0.2954087920 0.9999917025 0.0000000000 0.7422307684 0.9460225744 0.9996308376 0.0000000000
len 4 = 0.2626315793 0.9999899926 0.0000000000 0.7313112760 0.9603407446 0.9999318421 0.0000000000
len 4 = 0.2918732705 0.9999968723 0.0000000000 0.7425946604 0.9528458698 0.9998582894 0.0000000000
len 4 = 0.2970395516 0.9999897137 0.0000000000 0.7335598132 0.9555369196 0.9988605189 0.0000000000
len 4 = 0.2667125516 0.9999892531 0.0000000000 0.7521862991 0.9517754396 0.9994277392 0.0000000000
len 4 = 0.2724836857 0.9999905707 0.0000000000 0.7051553757 0.9621481934 0.9999428029 0.0000000000
len 4 = 0.2513271445 0.9999786067 0.0000000000 0.7271877196 0.9620180863 0.9999537617 0.0000000000
len 5 = 0.2857104730 0.9999893035 0.0000000000 0.6821423923 0.9051135117 0.9906011200 0.0000000000
len 5 = 0.3061853611 0.9999822981 0.0000000000 0.6916454559 0.9663873639 0.9999649589 0.0000000000
len 5 = 0.2470339450 0.9999811187 0.0000000000 0.7115019195 0.9566543106 0.9999617177 0.0000000000
len 5 = 0.2977140278 0.9999922014 0.0000000000 0.7055576481 0.9421746646 0.9997251405 0.0000000000
len 5 = 0.2823808432 0.9999920150 0.0000000000 0.7264741689 0.9570440309 0.9999363050 0.0000000000
len 5 = 0.2923412950 0.9999886180 0.0000000000 0.6639800954 0.9506887664 0.9994514668 0.0000000000
len 5 = 0.2870595478 0.9999940573 0.0000000000 0.7447096027 0.9631227305 0.9998555567 0.0000000000
len 5 = 0.2767615569 0.9999899073 0.0000000000 0.7047570289 0.9661126589 0.9999726343 0.0000000000
len 5 = 0.2947078297 0.9999911975 0.0000000000 0.6804106085 0.9419634831 0.9997241705 0.0000000000
len 5 = 0.2925734880 0.9999931165 0.0000000000 0.7270151274 0.9690243192 0.9999424118 0.0000000000
len 6 = 0.2811926569 0.9999970408 0.0000000000 0.6903077299 0.9534272616 0.9998817917 0.0000000000
len 6 = 0.2814725908 0.9999989937 0.0000000000 0.7635217353 0.9697462578 0.9996954505 0.0000000000
len 6 = 0.2773294375 0.9999975439 0.0000000000 0.7172142588 0.9758839216 0.9999675425 0.0000000000
len 6 = 0.2816034684 0.9999958849 0.0000000000 0.7100362038 0.9563574016 0.9996652356 0.0000000000
len 6 = 0.2798988269 0.9999979154 0.0000000000 0.7255120189 0.9514754616 0.9980746567 0.0000000000
len 6 = 0.2912159974 0.9999952049 0.0000000000 0.6857201220 0.9471441223 0.9998399141 0.0000000000
len 6 = 0.2896435506 0.9999971980 0.0000000000 0.6875002027 0.9478363009 0.9997551819 0.0000000000
len 6 = 0.2795441175 0.9999934573 0.0000000000 0.7269374660 0.9541733872 0.9994717153 0.0000000000
len 6 = 0.2931874304 0.9999957806 0.0000000000 0.6854202267 0.9548229273 0.9999001374 0.0000000000
len 6 = 0.2766402428 0.9999945892 0.0000000000 0.7246702719 0.9487506526 0.9991157989 0.0000000000
len 7 = 0.2953915713 0.9999928189 0.0000000000 0.6844943874 0.9490699497 0.9992352695 0.0000000000
len 7 = 0.2893599982 0.9999906008 0.0000000000 0.6919435304 0.8968223248 0.9948406151 0.0000000000
len 7 = 0.2734954474 0.9999965362 0.0000000000 0.7327972030 0.9571396160 0.9997911633 0.0000000000
len 7 = 0.2927198115 0.9999923507 0.0000000000 0.7292167025 0.9632617452 0.9993588519 0.0000000000
len 7 = 0.2920319267 0.9999925709 0.0000000000 0.7480546095 0.9515866890 0.9991064353 0.0000000000
len 7 = 0.3001744276 0.9999939753 0.0000000000 0.7156523759 0.9357081894 0.9990534322 0.0000000000
len 7 = 0.3020841548 0.9999679001 0.0000000000 0.6633633564 0.9411866372 0.9998206773 0.0000000000
len 7 = 0.2901486693 0.9999953374 0.0000000000 0.7173971375 0.9573592393 0.9996800837 0.0000000000
len 7 = 0.2935393660 0.9999950581 0.0000000000 0.6818784679 0.9218508458 0.9962437942 0.0000000000
len 7 = 0.2924259996 0.9999851688 0.0000000000 0.6713457574 0.9403390705 0.9995405960 0.0000000000
len 8 = 0.2970434364 0.9999850863 0.0000000000 0.6964211375 0.9404840947 0.9980004011 0.0000000000
len 8 = 0.2864127127 0.9999893966 0.0000000000 0.7078257169 0.9354080275 0.9996067741 0.0000000000
len 8 = 0.3035813650 0.9999898293 0.0000000000 0.6949865744 0.9493133602 0.9993904691 0.0000000000
len 8 = 0.3039447579 0.9999697892 0.0000000000 0.7182443415 0.9722776083 0.9998700526 0.0000000000
len 8 = 0.3083329816 0.9999916213 0.0000000000 0.7360325720 0.9541836579 0.9995759463 0.0000000000
len 8 = 0.2912871039 0.9999835471 0.0000000000 0.7042438973 0.9428388952 0.9995576341 0.0000000000
len 8 = 0.2948327238 0.9999875417 0.0000000000 0.7006680493 0.9277011587 0.9989780385 0.0000000000
len 8 = 0.2933388573 0.9999741996 0.0000000000 0.7027882369 0.9225137841 0.9979771192 0.0000000000
len 8 = 0.2829746294 0.9999799562 0.0000000000 0.6415580462 0.9419118328 0.9997525614 0.0000000000
len 8 = 0.2991459147 0.9999856493 0.0000000000 0.7019679473 0.9417573761 0.9996349275 0.0000000000
